0.00000000099999999957 0.00000000099999999957 0.00000000099999999957 0.99999999000000017180 0.00000000099999999957 0.00000000099999999957 0.00000000099999999957 0.00000000099999999957 0.00000000099999999957 0.00000000099999999957 0.00000000099999999957 
0.00000000099999999977 0.00000000099999999977 0.00000000099999999977 0.99999999000000017180 0.00000000099999999977 0.00000000099999999977 0.00000000099999999977 0.00000000099999999977 0.00000000099999999977 0.00000000099999999977 0.00000000099999999977 
0.00000000099999999971 0.00000000099999999971 0.00000000099999999971 0.99999999000000006077 0.00000000099999999971 0.00000000099999999971 0.00000000099999999971 0.00000000099999999971 0.00000000099999999971 0.00000000099999999971 0.00000000099999999971 
0.00000000099999999961 0.00000000099999999961 0.00000000099999999961 0.99999999000000006077 0.00000000099999999961 0.00000000099999999961 0.00000000099999999961 0.00000000099999999961 0.00000000099999999961 0.00000000099999999961 0.00000000099999999961 
0.00000000099999999980 0.00000000099999999980 0.00000000099999999980 0.99999999000000006077 0.00000000099999999980 0.00000000099999999980 0.00000000099999999980 0.00000000099999999980 0.00000000099999999980 0.00000000099999999980 0.00000000099999999980 
0.00000000099999999957 0.00000000099999999957 0.00000000099999999957 0.99999999000000017180 0.00000000099999999957 0.00000000099999999957 0.00000000099999999957 0.00000000099999999957 0.00000000099999999957 0.00000000099999999957 0.00000000099999999957 
0.00000000099999999962 0.00000000099999999962 0.00000000099999999962 0.99999999000000017180 0.00000000099999999962 0.00000000099999999962 0.00000000099999999962 0.00000000099999999962 0.00000000099999999962 0.00000000099999999962 0.00000000099999999962 
0.00000000099999999954 0.00000000099999999954 0.00000000099999999954 0.99999999000000006077 0.00000000099999999954 0.00000000099999999954 0.00000000099999999954 0.00000000099999999954 0.00000000099999999954 0.00000000099999999954 0.00000000099999999954 
0.00000000099999999951 0.00000000099999999951 0.00000000099999999951 0.99999999000000017180 0.00000000099999999951 0.00000000099999999951 0.00000000099999999951 0.00000000099999999951 0.00000000099999999951 0.00000000099999999951 0.00000000099999999951 
0.00000000099999999977 0.00000000099999999977 0.00000000099999999977 0.99999999000000017180 0.00000000099999999977 0.00000000099999999977 0.00000000099999999977 0.00000000099999999977 0.00000000099999999977 0.00000000099999999977 0.00000000099999999977 
0.00000000099999999990 0.00000000099999999990 0.00000000099999999990 0.00000000099999999990 0.00000000099999999990 0.02856707874616333520 0.97143291225383676668 0.00000000099999999990 0.00000000099999999990 0.00000000099999999990 0.00000000099999999990 
0.00000000099999999985 0.00000000099999999985 0.00000000099999999985 0.00000000099999999985 0.00000000099999999985 0.00000000099999999985 0.99999999000000006077 0.00000000099999999985 0.00000000099999999985 0.00000000099999999985 0.00000000099999999985 
0.00000000099999999997 0.00000000099999999997 0.00000000099999999997 0.00000000099999999997 0.02449727956066068135 0.00002118614848934745 0.94607041502043298653 0.02941111227041698362 0.00000000099999999997 0.00000000099999999997 0.00000000099999999997 
0.00000000099999999992 0.00000000099999999992 0.00000000099999999992 0.01233186296526186942 0.00000000099999999992 0.00000000099999999992 0.98766812803473824633 0.00000000099999999992 0.00000000099999999992 0.00000000099999999992 0.00000000099999999992 
0.00000000099999999995 0.00000000099999999995 0.00000000099999999995 0.00000000099999999995 0.00000000099999999995 0.00000000099999999995 0.99654539977803580086 0.00000000099999999995 0.00000000099999999995 0.00345459122196426676 0.00000000099999999995 
0.00000000099999999991 0.00000000099999999991 0.00000000099999999991 0.00705449131047407307 0.00000000099999999991 0.00000000099999999991 0.99294549968952594554 0.00000000099999999991 0.00000000099999999991 0.00000000099999999991 0.00000000099999999991 
0.00000000099999999996 0.00000000099999999996 0.00000000099999999996 0.00000000099999999996 0.00602376231947776650 0.00000000099999999996 0.96194919604782280764 0.00000000099999999996 0.00000000099999999996 0.02627803109661165648 0.00574900353608783117 
0.00000000099999999991 0.01280679088196568643 0.00000000099999999991 0.00000000099999999991 0.00000000099999999991 0.00000000099999999991 0.98719320011803435300 0.00000000099999999991 0.00000000099999999991 0.00000000099999999991 0.00000000099999999991 
0.00000000099999999993 0.00000000099999999993 0.00000000099999999993 0.00000000099999999993 0.00000000099999999993 0.00000000099999999993 0.99999998999999994975 0.00000000099999999993 0.00000000099999999993 0.00000000099999999993 0.00000000099999999993 
0.00000000099999999997 0.00000000099999999997 0.02462392752443064853 0.02553573362844815606 0.00000000099999999997 0.00000000099999999997 0.93740054440246078915 0.00000000099999999997 0.00000000099999999997 0.00000002150110374962 0.01243976694355664048 
0.00000000099999999995 0.00000000099999999995 0.00000000099999999995 0.00000000099999999995 0.00000000099999999995 0.00000000099999999995 0.99999998999999994975 0.00000000099999999995 0.00000000099999999995 0.00000000099999999995 0.00000000099999999995 
0.00000000099999999992 0.00000000099999999992 0.00000000099999999992 0.00000000099999999992 0.00634366350391310160 0.00000000099999999992 0.98012919138540322006 0.01349625734092530470 0.00000000099999999992 0.00003088076975839679 0.00000000099999999992 
0.00000000099999999989 0.00000000099999999989 0.00000000099999999989 0.00000000099999999989 0.00000424717222515119 0.00000000099999999989 0.99999574382777489667 0.00000000099999999989 0.00000000099999999989 0.00000000099999999989 0.00000000099999999989 
0.00000000099999999992 0.00000000099999999992 0.00000000099999999992 0.00000000099999999992 0.00000000099999999992 0.00000000099999999992 0.99732428327527378187 0.00000000099999999992 0.00000000099999999992 0.00000000099999999992 0.00267570772472618080 
0.00000000099999999991 0.00000000099999999991 0.00000000099999999991 0.00000000099999999991 0.06176422388256343904 0.00000000099999999991 0.85067477158656845670 0.08700306217918311880 0.00055793535168514635 0.00000000099999999991 0.00000000099999999991 
0.00000000099999999997 0.00000000099999999997 0.03617724794234070812 0.00000000099999999997 0.00000000099999999997 0.00000000099999999997 0.92045629773417092512 0.00000000099999999997 0.01541021771193796033 0.01746694432947863349 0.01048928628207174835 
0.00000000099999999991 0.02562068384993736528 0.00000000099999999991 0.00000000099999999991 0.00000000099999999991 0.00000000099999999991 0.97437930715006260129 0.00000000099999999991 0.00000000099999999991 0.00000000099999999991 0.00000000099999999991 
0.00000000099999999994 0.00000000099999999994 0.00000000099999999994 0.00000000099999999994 0.01246575118454508989 0.00000000099999999994 0.97292302354620396887 0.00000000099999999994 0.01356382949464083817 0.00000000099999999994 0.00104738877461024596 
0.00755405119238784176 0.00000158926858313896 0.00000000099999999995 0.00000000099999999995 0.00000000099999999995 0.00000000099999999995 0.96295602995685969372 0.00000000099999999995 0.00000000099999999995 0.02948832258216928931 0.00000000099999999995 
0.00000000099999999997 0.00000000099999999997 0.04728815309813916984 0.00000000099999999997 0.00000000099999999997 0.00000145951638283618 0.91475179778720161483 0.00000000099999999997 0.02240574676619802932 0.00000000099999999997 0.01555283683207843957 
0.00152583601908190211 0.00000000099999999998 0.07885313852870716456 0.00000000099999999998 0.00000000099999999998 0.00000000099999999998 0.91114486632756663820 0.00409282771307154306 0.00000000099999999998 0.00000000099999999998 0.00438332541157286735 
0.00000000099999999997 0.00000000099999999997 0.00000000099999999997 0.00000000099999999997 0.04502008717886418765 0.00000002584795894508 0.94561098022162537458 0.00000000099999999997 0.00000000099999999997 0.00899543073803957434 0.00037347001351188013 
0.00000000099999999992 0.00000000099999999992 0.00000000099999999992 0.00000000099999999992 0.00000000099999999992 0.00000000099999999992 0.99829568082395281348 0.00000000099999999992 0.00000000099999999992 0.00170431017604720145 0.00000000099999999992 
0.00000000099999999991 0.00000000099999999991 0.00000000099999999991 0.00000000099999999991 0.04733557181693313215 0.00000000099999999991 0.95266441918306687953 0.00000000099999999991 0.00000000099999999991 0.00000000099999999991 0.00000000099999999991 
0.04137739241740388818 0.00000000099999999994 0.03789059340753563043 0.03973818459444578011 0.00000000279572375134 0.00000000099999999994 0.87945593363630614192 0.00000000099999999994 0.00153788814858488252 0.00000000099999999994 0.00000000099999999994 
0.02667697684722931603 0.00000000099999999998 0.00000000099999999998 0.00056101284088155162 0.06116573800693606705 0.00304394923643744580 0.89180610890914180366 0.00000000099999999998 0.00863549878883148637 0.00811071137054244704 0.00000000099999999998 
0.00000000099999999991 0.00000000099999999991 0.00000000099999999991 0.00000000099999999991 0.05755919077694198610 0.00000000099999999991 0.94244080022305809496 0.00000000099999999991 0.00000000099999999991 0.00000000099999999991 0.00000000099999999991 
0.00000000099999999995 0.00000000099999999995 0.00000000099999999995 0.00000000099999999995 0.08199411740327020026 0.01419440277255641647 0.90381147182417342911 0.00000000099999999995 0.00000000099999999995 0.00000000099999999995 0.00000000099999999995 
0.00000000099999999995 0.00000000099999999995 0.00102486059777826704 0.00002988474808727043 0.00000000099999999995 0.01872474652037387638 0.95637417799865442891 0.00001424211058908134 0.02383208302451713875 0.00000000099999999995 0.00000000099999999995 
0.00000000099999999988 0.00000000099999999988 0.00000000099999999988 0.00000000099999999988 0.00000000099999999988 0.00000000099999999988 0.99999999000000006077 0.00000000099999999988 0.00000000099999999988 0.00000000099999999988 0.00000000099999999988 
0.00000000099999999995 0.00000000099999999995 0.06522873443076555866 0.00000000099999999995 0.00000000099999999995 0.00000000099999999995 0.93095458413377540907 0.00000000099999999995 0.00000000099999999995 0.00000000099999999995 0.00381667343545914533 
0.00000000099999999992 0.00000000099999999992 0.00000000099999999992 0.00000000099999999992 0.10400916816534394593 0.00000000099999999992 0.86867680843078343145 0.00000000099999999992 0.00000000099999999992 0.00000000099999999992 0.02731401540387272051 
0.00000000099999999992 0.00000000099999999992 0.00000000099999999992 0.00000000099999999992 0.00000000099999999992 0.00000000099999999992 0.96427736641417260977 0.00000000099999999992 0.00000000099999999992 0.01979749990885729810 0.01592512567697007206 
0.00000000099999999994 0.00000000099999999994 0.00000000099999999994 0.02291854244079948380 0.00000000099999999994 0.00000000099999999994 0.93134939391749260729 0.00000000099999999994 0.00000000099999999994 0.04503813200922004989 0.00069392463248801157 
0.00000000099999999993 0.00000000099999999993 0.00000000099999999993 0.00000000099999999993 0.00000000099999999993 0.01845585223669060637 0.98154413876330937061 0.00000000099999999993 0.00000000099999999993 0.00000000099999999993 0.00000000099999999993 
0.00000000099999999992 0.00000000099999999992 0.00000000099999999992 0.00000000099999999992 0.03978331142049672947 0.00000000099999999992 0.94916681282869508340 0.00000000099999999992 0.01104986775080811327 0.00000000099999999992 0.00000000099999999992 
0.00000000099999999995 0.00001183648814046868 0.00000000099999999995 0.00000000099999999995 0.04484564799032594862 0.00000000099999999995 0.95514250136886513776 0.00000000099999999995 0.00000000099999999995 0.00000000099999999995 0.00000000715266852786 
0.00224622451946374872 0.00000000099999999997 0.00000000099999999997 0.00000000099999999997 0.09782743221548485801 0.00453943976953145086 0.84544847921310817274 0.00000000099999999997 0.00000000099999999997 0.03548811851098634257 0.01445030077142531177 
0.00000000099999999963 0.00000000099999999963 0.00000000099999999963 0.00000000099999999963 0.00000000099999999963 0.00000000099999999963 0.00000000099999999963 0.00000000099999999963 0.00000000099999999963 0.99999999000000006077 0.00000000099999999963 
0.00000000099999999963 0.00000000099999999963 0.00000000099999999963 0.00000000099999999963 0.00000000099999999963 0.00000000099999999963 0.00000000099999999963 0.00000000099999999963 0.00000000099999999963 0.99999999000000006077 0.00000000099999999963 
0.00000000099999999963 0.00000000099999999963 0.00000000099999999963 0.00000000099999999963 0.00000000099999999963 0.00000000099999999963 0.00000000099999999963 0.00000000099999999963 0.00000000099999999963 0.99999998999999994975 0.00000000099999999963 
0.00000000099999999966 0.00000000099999999966 0.00000000099999999966 0.00000000099999999966 0.00000000099999999966 0.00000000099999999966 0.00000000099999999966 0.00000000099999999966 0.00000000099999999966 0.99999998999999994975 0.00000000099999999966 
0.00000000099999999957 0.00000000099999999957 0.00000000099999999957 0.00000000099999999957 0.00000000099999999957 0.00000000099999999957 0.00000000099999999957 0.00000000099999999957 0.00000000099999999957 0.99999999000000006077 0.00000000099999999957 
0.00000000099999999962 0.00000000099999999962 0.00000000099999999962 0.00000000099999999962 0.00000000099999999962 0.00000000099999999962 0.00000000099999999962 0.00000000099999999962 0.00000000099999999962 0.99999999000000006077 0.00000000099999999962 
0.00000000099999999962 0.00000000099999999962 0.00000000099999999962 0.00000000099999999962 0.00000000099999999962 0.00000000099999999962 0.00000000099999999962 0.00000000099999999962 0.00000000099999999962 0.99999999000000006077 0.00000000099999999962 
0.00000000099999999980 0.00000000099999999980 0.00000000099999999980 0.00000000099999999980 0.00000000099999999980 0.00000000099999999980 0.00000000099999999980 0.00000000099999999980 0.00000000099999999980 0.99999998999999994975 0.00000000099999999980 
0.00000000099999999962 0.00000000099999999962 0.00000000099999999962 0.00000000099999999962 0.00000000099999999962 0.00000000099999999962 0.00000000099999999962 0.00000000099999999962 0.00000000099999999962 0.99999998999999994975 0.00000000099999999962 
0.00000000099999999983 0.00000000099999999983 0.04178469017124059048 0.00000000099999999983 0.00000000099999999983 0.00000000099999999983 0.00000000099999999983 0.00000000099999999983 0.00000000099999999983 0.95821530082875949752 0.00000000099999999983 
0.00000000099999999989 0.00000000099999999989 0.00000000099999999989 0.00000000099999999989 0.00000000099999999989 0.00000000099999999989 0.00000000099999999989 0.00034846712176146927 0.00000000099999999989 0.99965152387823852376 0.00000000099999999989 
0.00000000099999999976 0.00000000099999999976 0.00000000099999999976 0.00000000099999999976 0.00000000099999999976 0.00000000099999999976 0.00000000099999999976 0.00000000099999999976 0.00000000099999999976 0.99999998999999994975 0.00000000099999999976 
0.00000000099999999982 0.00000000099999999982 0.00000000099999999982 0.00000000099999999982 0.00000000099999999982 0.00000000099999999982 0.00000000099999999982 0.00000000099999999982 0.00000000099999999982 0.99999998999999994975 0.00000000099999999982 
0.01707084937737040481 0.00465569313777124561 0.00701415731368559749 0.04340569706085199014 0.00000000099999999995 0.00314241761199243958 0.92471118049832823349 0.00000000099999999995 0.00000000099999999995 0.00000000099999999995 0.00000000099999999995 
0.03319120955721722999 0.00000000099999999993 0.00533354640968001798 0.00000000099999999993 0.00000000099999999993 0.00000000099999999993 0.94662452963650789428 0.00000000099999999993 0.00000000099999999993 0.01485070739659486057 0.00000000099999999993 
0.01884257974414262071 0.00000000099999999995 0.03093525563734168468 0.00000000099999999995 0.00000000099999999995 0.00000000099999999995 0.89550078386789566665 0.00000197146751486730 0.03566578638300862969 0.01905361790009638123 0.00000000099999999995 
0.04363727457876720450 0.00000000099999999997 0.00873937035741927971 0.00000000099999999997 0.00377798351216849246 0.00000000099999999997 0.94384536455164513846 0.00000000099999999997 0.00000000099999999997 0.00000000099999999997 0.00000000099999999997 
0.06880439885224721996 0.00000000099999999996 0.05339222632212807518 0.00000000099999999996 0.00000000099999999996 0.02945786735551797833 0.77223844645439654322 0.00190703723912906365 0.00000000099999999996 0.07420001877658109757 0.00000000099999999996 
0.01617879239223693130 0.00000000099999999997 0.00000000099999999997 0.01073220653578038121 0.00000000099999999997 0.00000000099999999997 0.96377701340016042053 0.00000000099999999997 0.00000000099999999997 0.00000000099999999997 0.00931198067182224462 
0.01439258142947956454 0.00000000099999999997 0.00000000099999999997 0.01242239693495940725 0.00000000099999999997 0.05518268549174239895 0.91022982359181936474 0.00000000099999999997 0.00777192688427947795 0.00000058066771994064 0.00000000099999999997 
0.00000000099999999994 0.00000000099999999994 0.00000000099999999994 0.00000000099999999994 0.00000000099999999994 0.00000000099999999994 0.94810221288136153905 0.00000000099999999994 0.00000000099999999994 0.03432607934212668355 0.01757169977651191345 
0.00000000099999999995 0.00000000099999999995 0.01816452755964486840 0.00000000099999999995 0.00000000099999999995 0.00000000099999999995 0.94273811374930660545 0.00000000099999999995 0.00000000099999999995 0.03909735069104845057 0.00000000099999999995 
0.00000000099999999998 0.04525462177762475807 0.00000000099999999998 0.00000000099999999998 0.11043996207823955635 0.00002738554472662575 0.75651875847060678915 0.01814332482706116495 0.00288071474962378919 0.04880633590507989228 0.01792889364703747698 
0.00000000099999999990 0.00000000099999999990 0.01485485634224593954 0.00000000099999999990 0.00000000099999999990 0.00000000099999999990 0.98514513465775410683 0.00000000099999999990 0.00000000099999999990 0.00000000099999999990 0.00000000099999999990 
0.99999999000000028282 0.00000000099999999981 0.00000000099999999981 0.00000000099999999981 0.00000000099999999981 0.00000000099999999981 0.00000000099999999981 0.00000000099999999981 0.00000000099999999981 0.00000000099999999981 0.00000000099999999981 
0.99999999000000028282 0.00000000099999999973 0.00000000099999999973 0.00000000099999999973 0.00000000099999999973 0.00000000099999999973 0.00000000099999999973 0.00000000099999999973 0.00000000099999999973 0.00000000099999999973 0.00000000099999999973 
0.99999999000000017180 0.00000000099999999981 0.00000000099999999981 0.00000000099999999981 0.00000000099999999981 0.00000000099999999981 0.00000000099999999981 0.00000000099999999981 0.00000000099999999981 0.00000000099999999981 0.00000000099999999981 
0.99999999000000028282 0.00000000099999999981 0.00000000099999999981 0.00000000099999999981 0.00000000099999999981 0.00000000099999999981 0.00000000099999999981 0.00000000099999999981 0.00000000099999999981 0.00000000099999999981 0.00000000099999999981 
0.99999999000000028282 0.00000000099999999990 0.00000000099999999990 0.00000000099999999990 0.00000000099999999990 0.00000000099999999990 0.00000000099999999990 0.00000000099999999990 0.00000000099999999990 0.00000000099999999990 0.00000000099999999990 
0.99999999000000028282 0.00000000099999999974 0.00000000099999999974 0.00000000099999999974 0.00000000099999999974 0.00000000099999999974 0.00000000099999999974 0.00000000099999999974 0.00000000099999999974 0.00000000099999999974 0.00000000099999999974 
0.99999999000000017180 0.00000000099999999979 0.00000000099999999979 0.00000000099999999979 0.00000000099999999979 0.00000000099999999979 0.00000000099999999979 0.00000000099999999979 0.00000000099999999979 0.00000000099999999979 0.00000000099999999979 
0.88036455152173065386 0.03109078721289666031 0.00000000099999999991 0.00000000099999999991 0.00000000099999999991 0.08854465326537284964 0.00000000099999999991 0.00000000099999999991 0.00000000099999999991 0.00000000099999999991 0.00000000099999999991 
0.99999999000000028282 0.00000000099999999973 0.00000000099999999973 0.00000000099999999973 0.00000000099999999973 0.00000000099999999973 0.00000000099999999973 0.00000000099999999973 0.00000000099999999973 0.00000000099999999973 0.00000000099999999973 
0.99999999000000017180 0.00000000099999999982 0.00000000099999999982 0.00000000099999999982 0.00000000099999999982 0.00000000099999999982 0.00000000099999999982 0.00000000099999999982 0.00000000099999999982 0.00000000099999999982 0.00000000099999999982 
0.99999999000000028282 0.00000000099999999983 0.00000000099999999983 0.00000000099999999983 0.00000000099999999983 0.00000000099999999983 0.00000000099999999983 0.00000000099999999983 0.00000000099999999983 0.00000000099999999983 0.00000000099999999983 
0.94212934745672904935 0.05283383460873582183 0.00503680993453534641 0.00000000099999999991 0.00000000099999999991 0.00000000099999999991 0.00000000099999999991 0.00000000099999999991 0.00000000099999999991 0.00000000099999999991 0.00000000099999999991 
0.99999999000000017180 0.00000000099999999986 0.00000000099999999986 0.00000000099999999986 0.00000000099999999986 0.00000000099999999986 0.00000000099999999986 0.00000000099999999986 0.00000000099999999986 0.00000000099999999986 0.00000000099999999986 
0.99999999000000028282 0.00000000099999999972 0.00000000099999999972 0.00000000099999999972 0.00000000099999999972 0.00000000099999999972 0.00000000099999999972 0.00000000099999999972 0.00000000099999999972 0.00000000099999999972 0.00000000099999999972 
0.99999999000000028282 0.00000000099999999974 0.00000000099999999974 0.00000000099999999974 0.00000000099999999974 0.00000000099999999974 0.00000000099999999974 0.00000000099999999974 0.00000000099999999974 0.00000000099999999974 0.00000000099999999974 
0.99999999000000028282 0.00000000099999999975 0.00000000099999999975 0.00000000099999999975 0.00000000099999999975 0.00000000099999999975 0.00000000099999999975 0.00000000099999999975 0.00000000099999999975 0.00000000099999999975 0.00000000099999999975 
0.99999999000000017180 0.00000000099999999975 0.00000000099999999975 0.00000000099999999975 0.00000000099999999975 0.00000000099999999975 0.00000000099999999975 0.00000000099999999975 0.00000000099999999975 0.00000000099999999975 0.00000000099999999975 
0.00000000099999999975 0.00000000099999999975 0.99999999000000006077 0.00000000099999999975 0.00000000099999999975 0.00000000099999999975 0.00000000099999999975 0.00000000099999999975 0.00000000099999999975 0.00000000099999999975 0.00000000099999999975 
0.00000000099999999986 0.00000000099999999986 0.91877471422285683644 0.00000000099999999986 0.00000000099999999986 0.08122527677714322381 0.00000000099999999986 0.00000000099999999986 0.00000000099999999986 0.00000000099999999986 0.00000000099999999986 
0.05222228640614783035 0.00000000099999999994 0.50786578987619601655 0.00000000099999999994 0.00332530663475327781 0.43658661008290283734 0.00000000099999999994 0.00000000099999999994 0.00000000099999999994 0.00000000099999999994 0.00000000099999999994 
0.00000000099999999972 0.00000000099999999972 0.93210451835378305141 0.00000000099999999972 0.00000000099999999972 0.06789547264621711986 0.00000000099999999972 0.00000000099999999972 0.00000000099999999972 0.00000000099999999972 0.00000000099999999972 
0.00000000099999999980 0.00000000099999999980 0.99999999000000017180 0.00000000099999999980 0.00000000099999999980 0.00000000099999999980 0.00000000099999999980 0.00000000099999999980 0.00000000099999999980 0.00000000099999999980 0.00000000099999999980 
0.00000000099999999991 0.00000000099999999991 0.91237632542508595446 0.00000000099999999991 0.00000000099999999991 0.08762366557491413355 0.00000000099999999991 0.00000000099999999991 0.00000000099999999991 0.00000000099999999991 0.00000000099999999991 
0.00000000099999999984 0.00000000099999999984 0.87526169398698394630 0.00000000099999999984 0.00000000099999999984 0.12473829701301621109 0.00000000099999999984 0.00000000099999999984 0.00000000099999999984 0.00000000099999999984 0.00000000099999999984 
0.00000000099999999984 0.00000000099999999984 0.99999999000000006077 0.00000000099999999984 0.00000000099999999984 0.00000000099999999984 0.00000000099999999984 0.00000000099999999984 0.00000000099999999984 0.00000000099999999984 0.00000000099999999984 
0.00000000099999999982 0.00000000099999999982 0.99999999000000017180 0.00000000099999999982 0.00000000099999999982 0.00000000099999999982 0.00000000099999999982 0.00000000099999999982 0.00000000099999999982 0.00000000099999999982 0.00000000099999999982 
0.00000000099999999981 0.00000000099999999981 0.95005946352546755129 0.00000000099999999981 0.00000000099999999981 0.04994052747453255059 0.00000000099999999981 0.00000000099999999981 0.00000000099999999981 0.00000000099999999981 0.00000000099999999981 
0.00000000099999999974 0.00000000099999999974 0.99999999000000006077 0.00000000099999999974 0.00000000099999999974 0.00000000099999999974 0.00000000099999999974 0.00000000099999999974 0.00000000099999999974 0.00000000099999999974 0.00000000099999999974 
0.00000000099999999988 0.00497653964444608448 0.78181656292322054824 0.00000000099999999988 0.00000000099999999988 0.21320688943233348511 0.00000000099999999988 0.00000000099999999988 0.00000000099999999988 0.00000000099999999988 0.00000000099999999988 
0.00000000099999999992 0.00000000099999999992 0.55978173239946737993 0.02869170790541949317 0.00000000099999999992 0.41152655169511320743 0.00000000099999999992 0.00000000099999999992 0.00000000099999999992 0.00000000099999999992 0.00000000099999999992 
0.00000000099999999984 0.00000000099999999984 0.73577968090005729795 0.00000000099999999984 0.00000000099999999984 0.25404998319164401321 0.00000000099999999984 0.00000000099999999984 0.00000000099999999984 0.01017032790829881968 0.00000000099999999984 
0.00112476295326388131 0.00000000099999999989 0.70705910395455140449 0.00000000099999999989 0.04411832954644705901 0.24769779654573778616 0.00000000099999999989 0.00000000099999999989 0.00000000099999999989 0.00000000099999999989 0.00000000099999999989 
0.00000000099999999980 0.00000000099999999980 0.99999999000000006077 0.00000000099999999980 0.00000000099999999980 0.00000000099999999980 0.00000000099999999980 0.00000000099999999980 0.00000000099999999980 0.00000000099999999980 0.00000000099999999980 
0.01934479303250074417 0.00000000099999999985 0.98065519796749933690 0.00000000099999999985 0.00000000099999999985 0.00000000099999999985 0.00000000099999999985 0.00000000099999999985 0.00000000099999999985 0.00000000099999999985 0.00000000099999999985 
0.00000000099999999984 0.00000000099999999984 0.94836129492008369724 0.00000000099999999984 0.00000000099999999984 0.05163869607991639077 0.00000000099999999984 0.00000000099999999984 0.00000000099999999984 0.00000000099999999984 0.00000000099999999984 
0.00000000099999999981 0.00000000099999999981 0.99999999000000017180 0.00000000099999999981 0.00000000099999999981 0.00000000099999999981 0.00000000099999999981 0.00000000099999999981 0.00000000099999999981 0.00000000099999999981 0.00000000099999999981 
0.00000000099999999982 0.00000000099999999982 0.99999999000000006077 0.00000000099999999982 0.00000000099999999982 0.00000000099999999982 0.00000000099999999982 0.00000000099999999982 0.00000000099999999982 0.00000000099999999982 0.00000000099999999982 
0.00000000099999999986 0.00000000099999999986 0.77940496679228177257 0.00000000099999999986 0.00000000099999999986 0.22059502420771837095 0.00000000099999999986 0.00000000099999999986 0.00000000099999999986 0.00000000099999999986 0.00000000099999999986 
0.00000000099999999990 0.00000000099999999990 0.96914413339028471217 0.00000000099999999990 0.00000000099999999990 0.03085585760971542441 0.00000000099999999990 0.00000000099999999990 0.00000000099999999990 0.00000000099999999990 0.00000000099999999990 
0.00000000099999999980 0.00000000099999999980 0.92173176297721337580 0.00000000099999999980 0.00000000099999999980 0.07826822802278678159 0.00000000099999999980 0.00000000099999999980 0.00000000099999999980 0.00000000099999999980 0.00000000099999999980 
0.00000000099999999981 0.00000000099999999981 0.89295437353801343505 0.00000000099999999981 0.00000000099999999981 0.10704561746198679173 0.00000000099999999981 0.00000000099999999981 0.00000000099999999981 0.00000000099999999981 0.00000000099999999981 
0.00000000099999999978 0.00000000099999999978 0.97193414812034506500 0.00000000099999999978 0.00000000099999999978 0.02806584287965508545 0.00000000099999999978 0.00000000099999999978 0.00000000099999999978 0.00000000099999999978 0.00000000099999999978 
0.00000000099999999992 0.00000001622824485838 0.84668228887898400181 0.00000000099999999992 0.00000000099999999992 0.15329946890220119693 0.00000000099999999992 0.00001821899057005714 0.00000000099999999992 0.00000000099999999992 0.00000000099999999992 
0.00000000099999999978 0.00000000099999999978 0.99999999000000017180 0.00000000099999999978 0.00000000099999999978 0.00000000099999999978 0.00000000099999999978 0.00000000099999999978 0.00000000099999999978 0.00000000099999999978 0.00000000099999999978 
0.00000000099999999985 0.00000000099999999985 0.96031125113473236876 0.00000000099999999985 0.00000000099999999985 0.03968873986526778169 0.00000000099999999985 0.00000000099999999985 0.00000000099999999985 0.00000000099999999985 0.00000000099999999985 
0.00000000099999999975 0.00000000099999999975 0.80257338782906095798 0.00000000099999999975 0.00000000099999999975 0.19742660317093910227 0.00000000099999999975 0.00000000099999999975 0.00000000099999999975 0.00000000099999999975 0.00000000099999999975 
0.00000000099999999986 0.00000000099999999986 0.99999999000000006077 0.00000000099999999986 0.00000000099999999986 0.00000000099999999986 0.00000000099999999986 0.00000000099999999986 0.00000000099999999986 0.00000000099999999986 0.00000000099999999986 
0.00000000099999999979 0.00000000099999999979 0.00000000099999999979 0.00000000099999999979 0.00000000099999999979 0.00000000099999999979 0.00000000099999999979 0.99999998999999994975 0.00000000099999999979 0.00000000099999999979 0.00000000099999999979 
0.00000000099999999991 0.00000000099999999991 0.00423531710382130545 0.00000000099999999991 0.00000000099999999991 0.07661155309903833199 0.00000000099999999991 0.90517377521966690956 0.00000000099999999991 0.01397934757747333612 0.00000000099999999991 
0.00000000099999999979 0.00000000099999999979 0.00000000099999999979 0.00000000099999999979 0.00000000099999999979 0.00000000099999999979 0.00000000099999999979 0.99999998999999994975 0.00000000099999999979 0.00000000099999999979 0.00000000099999999979 
0.00000000099999999980 0.00000000099999999980 0.00000000099999999980 0.00000000099999999980 0.00000000099999999980 0.00000000099999999980 0.00000000099999999980 0.99999998999999994975 0.00000000099999999980 0.00000000099999999980 0.00000000099999999980 
0.00000000099999999992 0.00000000099999999992 0.00000000099999999992 0.00000000099999999992 0.00000000099999999992 0.00000000099999999992 0.00000000099999999992 0.99999998999999994975 0.00000000099999999992 0.00000000099999999992 0.00000000099999999992 
0.00000000099999999986 0.00000000099999999986 0.00000000099999999986 0.00000000099999999986 0.00000000099999999986 0.00000000099999999986 0.00000000099999999986 0.99999999000000006077 0.00000000099999999986 0.00000000099999999986 0.00000000099999999986 
0.00000000099999999981 0.00000000099999999981 0.00000000099999999981 0.00000000099999999981 0.00000000099999999981 0.00000000099999999981 0.00000000099999999981 0.99999999000000006077 0.00000000099999999981 0.00000000099999999981 0.00000000099999999981 
0.00000000099999999980 0.00000000099999999980 0.00000000099999999980 0.00000000099999999980 0.00000000099999999980 0.00000000099999999980 0.00000000099999999980 0.99999999000000006077 0.00000000099999999980 0.00000000099999999980 0.00000000099999999980 
0.00000000099999999991 0.00000000099999999991 0.00000000099999999991 0.00000000099999999991 0.00000000099999999991 0.00000000099999999991 0.00000000099999999991 0.99999999000000006077 0.00000000099999999991 0.00000000099999999991 0.00000000099999999991 
0.00000000099999999986 0.00000000099999999986 0.00000000099999999986 0.00000000099999999986 0.00000000099999999986 0.00000000099999999986 0.00000000099999999986 0.99999999000000006077 0.00000000099999999986 0.00000000099999999986 0.00000000099999999986 
0.00000000099999999971 0.00000000099999999971 0.00000000099999999971 0.00000000099999999971 0.00000000099999999971 0.00000000099999999971 0.00000000099999999971 0.99999998999999994975 0.00000000099999999971 0.00000000099999999971 0.00000000099999999971 
0.00807094709717136663 0.00000000099999999985 0.00000000099999999985 0.00000000099999999985 0.00000000099999999985 0.00000000099999999985 0.00000000099999999985 0.99192904390282876648 0.00000000099999999985 0.00000000099999999985 0.00000000099999999985 
0.00000000099999999978 0.00000000099999999978 0.00000000099999999978 0.00000000099999999978 0.00000000099999999978 0.00000000099999999978 0.00000000099999999978 0.00000000099999999978 0.99999998999999994975 0.00000000099999999978 0.00000000099999999978 
0.00000000099999999957 0.00000000099999999957 0.00000000099999999957 0.00000000099999999957 0.00000000099999999957 0.00000000099999999957 0.00000000099999999957 0.00000000099999999957 0.99999998999999994975 0.00000000099999999957 0.00000000099999999957 
0.00000000099999999955 0.00000000099999999955 0.00000000099999999955 0.00000000099999999955 0.00000000099999999955 0.00000000099999999955 0.00000000099999999955 0.00000000099999999955 0.99999998999999994975 0.00000000099999999955 0.00000000099999999955 
0.00000000099999999964 0.00000000099999999964 0.00000000099999999964 0.00000000099999999964 0.00000000099999999964 0.00000000099999999964 0.00000000099999999964 0.00000000099999999964 0.99999999000000006077 0.00000000099999999964 0.00000000099999999964 
0.00000000099999999961 0.00000000099999999961 0.00000000099999999961 0.00000000099999999961 0.00000000099999999961 0.00000000099999999961 0.00000000099999999961 0.00000000099999999961 0.99999999000000006077 0.00000000099999999961 0.00000000099999999961 
0.00000000099999999976 0.00000000099999999976 0.00000000099999999976 0.00000000099999999976 0.00000000099999999976 0.00000000099999999976 0.00000000099999999976 0.00000000099999999976 0.99999998999999994975 0.00000000099999999976 0.00000000099999999976 
0.00000000099999999966 0.00000000099999999966 0.00000000099999999966 0.00000000099999999966 0.00000000099999999966 0.00000000099999999966 0.00000000099999999966 0.00000000099999999966 0.99999999000000006077 0.00000000099999999966 0.00000000099999999966 
0.00000000099999999948 0.00000000099999999948 0.00000000099999999948 0.00000000099999999948 0.00000000099999999948 0.00000000099999999948 0.00000000099999999948 0.00000000099999999948 0.99999998999999994975 0.00000000099999999948 0.00000000099999999948 
0.00000000099999999964 0.00000000099999999964 0.00000000099999999964 0.00000000099999999964 0.00000000099999999964 0.00000000099999999964 0.00000000099999999964 0.00000000099999999964 0.99999998999999994975 0.00000000099999999964 0.00000000099999999964 
0.00000000099999999974 0.00000000099999999974 0.00000000099999999974 0.00000000099999999974 0.00000000099999999974 0.00000000099999999974 0.00000000099999999974 0.00000000099999999974 0.99999999000000006077 0.00000000099999999974 0.00000000099999999974 
0.00000000099999999983 0.00000000099999999983 0.00000000099999999983 0.00000000099999999983 0.00000000099999999983 0.00000000099999999983 0.00000000099999999983 0.00000000099999999983 0.99999998999999994975 0.00000000099999999983 0.00000000099999999983 
0.00000000099999999956 0.00000000099999999956 0.00000000099999999956 0.00000000099999999956 0.00000000099999999956 0.00000000099999999956 0.00000000099999999956 0.00000000099999999956 0.99999998999999994975 0.00000000099999999956 0.00000000099999999956 
0.00000000099999999974 0.99999999000000017180 0.00000000099999999974 0.00000000099999999974 0.00000000099999999974 0.00000000099999999974 0.00000000099999999974 0.00000000099999999974 0.00000000099999999974 0.00000000099999999974 0.00000000099999999974 
0.00000000099999999972 0.99999999000000017180 0.00000000099999999972 0.00000000099999999972 0.00000000099999999972 0.00000000099999999972 0.00000000099999999972 0.00000000099999999972 0.00000000099999999972 0.00000000099999999972 0.00000000099999999972 
0.00000000099999999976 0.99999999000000017180 0.00000000099999999976 0.00000000099999999976 0.00000000099999999976 0.00000000099999999976 0.00000000099999999976 0.00000000099999999976 0.00000000099999999976 0.00000000099999999976 0.00000000099999999976 
0.00000000099999999977 0.99999999000000028282 0.00000000099999999977 0.00000000099999999977 0.00000000099999999977 0.00000000099999999977 0.00000000099999999977 0.00000000099999999977 0.00000000099999999977 0.00000000099999999977 0.00000000099999999977 
0.00000000099999999966 0.99999999000000028282 0.00000000099999999966 0.00000000099999999966 0.00000000099999999966 0.00000000099999999966 0.00000000099999999966 0.00000000099999999966 0.00000000099999999966 0.00000000099999999966 0.00000000099999999966 
0.00000000099999999978 0.99999999000000028282 0.00000000099999999978 0.00000000099999999978 0.00000000099999999978 0.00000000099999999978 0.00000000099999999978 0.00000000099999999978 0.00000000099999999978 0.00000000099999999978 0.00000000099999999978 
0.00000000099999999981 0.99999999000000028282 0.00000000099999999981 0.00000000099999999981 0.00000000099999999981 0.00000000099999999981 0.00000000099999999981 0.00000000099999999981 0.00000000099999999981 0.00000000099999999981 0.00000000099999999981 
0.00000000099999999984 0.99999999000000028282 0.00000000099999999984 0.00000000099999999984 0.00000000099999999984 0.00000000099999999984 0.00000000099999999984 0.00000000099999999984 0.00000000099999999984 0.00000000099999999984 0.00000000099999999984 
0.00000000099999999968 0.99999999000000028282 0.00000000099999999968 0.00000000099999999968 0.00000000099999999968 0.00000000099999999968 0.00000000099999999968 0.00000000099999999968 0.00000000099999999968 0.00000000099999999968 0.00000000099999999968 
0.00000000099999999975 0.99999999000000017180 0.00000000099999999975 0.00000000099999999975 0.00000000099999999975 0.00000000099999999975 0.00000000099999999975 0.00000000099999999975 0.00000000099999999975 0.00000000099999999975 0.00000000099999999975 
0.00000000099999999983 0.99999999000000017180 0.00000000099999999983 0.00000000099999999983 0.00000000099999999983 0.00000000099999999983 0.00000000099999999983 0.00000000099999999983 0.00000000099999999983 0.00000000099999999983 0.00000000099999999983 
0.00000000099999999979 0.99999999000000017180 0.00000000099999999979 0.00000000099999999979 0.00000000099999999979 0.00000000099999999979 0.00000000099999999979 0.00000000099999999979 0.00000000099999999979 0.00000000099999999979 0.00000000099999999979 
0.00000000099999999981 0.99999999000000017180 0.00000000099999999981 0.00000000099999999981 0.00000000099999999981 0.00000000099999999981 0.00000000099999999981 0.00000000099999999981 0.00000000099999999981 0.00000000099999999981 0.00000000099999999981 
0.00000000099999999980 0.00000000099999999980 0.06647701091397040241 0.00000000099999999980 0.00000000099999999980 0.93352298008602951906 0.00000000099999999980 0.00000000099999999980 0.00000000099999999980 0.00000000099999999980 0.00000000099999999980 
