0.00000000099999999971 0.00000000099999999971 0.00000000099999999971 0.00000000099999999971 0.00000000099999999971 0.99999999300000008695 0.00000000099999999971 0.00000000099999999971 
0.00000000099999999983 0.00000000099999999983 0.00000000099999999983 0.00000000099999999983 0.00000000099999999983 0.99999999299999997593 0.00000000099999999983 0.00000000099999999983 
0.00000000099999999979 0.00000000099999999979 0.00000000099999999979 0.00000000099999999979 0.00000000099999999979 0.99999999300000008695 0.00000000099999999979 0.00000000099999999979 
0.00000000099999999975 0.00000000099999999975 0.00000000099999999975 0.00000000099999999975 0.00000000099999999975 0.99999999300000008695 0.00000000099999999975 0.00000000099999999975 
0.00000000099999999987 0.00000000099999999987 0.00000000099999999987 0.00000000099999999987 0.00000000099999999987 0.99999999300000008695 0.00000000099999999987 0.00000000099999999987 
0.00000000099999999970 0.00000000099999999970 0.00000000099999999970 0.00000000099999999970 0.00000000099999999970 0.99999999299999997593 0.00000000099999999970 0.00000000099999999970 
0.00000000099999999975 0.00000000099999999975 0.00000000099999999975 0.00000000099999999975 0.00000000099999999975 0.99999999299999997593 0.00000000099999999975 0.00000000099999999975 
0.00000000099999999970 0.00000000099999999970 0.00000000099999999970 0.00000000099999999970 0.00000000099999999970 0.99999999300000008695 0.00000000099999999970 0.00000000099999999970 
0.00000000099999999968 0.00000000099999999968 0.00000000099999999968 0.00000000099999999968 0.00000000099999999968 0.99999999299999997593 0.00000000099999999968 0.00000000099999999968 
0.00000000099999999983 0.00000000099999999983 0.00000000099999999983 0.00000000099999999983 0.00000000099999999983 0.99999999299999997593 0.00000000099999999983 0.00000000099999999983 
0.00000000099999999997 0.97834077724795198705 0.00000000099999999997 0.02165921675204808897 0.00000000099999999997 0.00000000099999999997 0.00000000099999999997 0.00000000099999999997 
0.00000000099999999990 0.99999999300000019797 0.00000000099999999990 0.00000000099999999990 0.00000000099999999990 0.00000000099999999990 0.00000000099999999990 0.00000000099999999990 
0.00000000099999999998 0.95410906253939209432 0.00000000099999999998 0.00000000099999999998 0.00000000099999999998 0.00051291900072407263 0.04537801345988384111 0.00000000099999999998 
0.00000000099999999995 0.97798728147642566277 0.00000000099999999995 0.00000000099999999995 0.00000000099999999995 0.02201271252357434385 0.00000000099999999995 0.00000000099999999995 
0.00495216233908227135 0.99504783166091781421 0.00000000099999999996 0.00000000099999999996 0.00000000099999999996 0.00000000099999999996 0.00000000099999999996 0.00000000099999999996 
0.00000000099999999994 0.99146004854876790269 0.00000000099999999994 0.00000000099999999994 0.00000000099999999994 0.00853994545123229302 0.00000000099999999994 0.00000000099999999994 
0.02352832402499397887 0.97123830970139202190 0.00000000099999999997 0.00000000099999999997 0.00000000099999999997 0.00523334943189031170 0.00000001284172372679 0.00000000099999999997 
0.00000000099999999995 0.99356162215096799351 0.00000000099999999995 0.00000000099999999995 0.00643837184903207297 0.00000000099999999995 0.00000000099999999995 0.00000000099999999995 
0.00000000099999999996 0.99999999300000019797 0.00000000099999999996 0.00000000099999999996 0.00000000099999999996 0.00000000099999999996 0.00000000099999999996 0.00000000099999999996 
0.00138886411900561490 0.95726610608231732513 0.00000000099999999998 0.01103992503284442414 0.00000000099999999998 0.03030510076583270776 0.00000000099999999998 0.00000000099999999998 
0.00000000099999999996 0.99999999300000008695 0.00000000099999999996 0.00000000099999999996 0.00000000099999999996 0.00000000099999999996 0.00000000099999999996 0.00000000099999999996 
0.00018239685972549431 0.99390589981077748227 0.00000000099999999996 0.00000000099999999996 0.00000000099999999996 0.00000000099999999996 0.00591169832949718990 0.00000000099999999996 
0.00000000099999999992 0.99999999300000008695 0.00000000099999999992 0.00000000099999999992 0.00000000099999999992 0.00000000099999999992 0.00000000099999999992 0.00000000099999999992 
0.00000000099999999994 0.99999999300000008695 0.00000000099999999994 0.00000000099999999994 0.00000000099999999994 0.00000000099999999994 0.00000000099999999994 0.00000000099999999994 
0.00000000099999999995 0.86533997631457537647 0.00000000099999999995 0.00000000099999999995 0.00000000099999999995 0.00000000099999999995 0.13370882915821150072 0.00095118952721311915 
0.02120097430122551418 0.93221466852460577179 0.00000000099999999998 0.03018534122741243012 0.00003168809760259760 0.00000000099999999998 0.00000000099999999998 0.01636732484915380537 
0.00000000099999999993 0.97114093145037039267 0.00000000099999999993 0.00000000099999999993 0.02885906254962976661 0.00000000099999999993 0.00000000099999999993 0.00000000099999999993 
0.00000000099999999996 0.98412693954597318946 0.00000000099999999996 0.00000000099999999996 0.00000000099999999996 0.00000000099999999996 0.00000000099999999996 0.01587305445402695595 
0.02814095779947815498 0.96206426833053571013 0.00855802584898102126 0.00000000099999999996 0.00123674402100508603 0.00000000099999999996 0.00000000099999999996 0.00000000099999999996 
0.00000000099999999998 0.93401116407956386034 0.00000000099999999998 0.04415110913285957145 0.00000000099999999998 0.00000000099999999998 0.00000000099999999998 0.02183772178757671656 
0.00000000099999999997 0.92396831322952976961 0.00567238188900369682 0.07035929988146658043 0.00000000099999999997 0.00000000099999999997 0.00000000099999999997 0.00000000099999999997 
0.00916178041275770606 0.95975270471433826724 0.00000000099999999998 0.00000000099999999998 0.00000000099999999998 0.01340688210954246035 0.01767862876336143488 0.00000000099999999998 
0.00172311285618588603 0.99827688114381418760 0.00000000099999999995 0.00000000099999999995 0.00000000099999999995 0.00000000099999999995 0.00000000099999999995 0.00000000099999999995 
0.00000000099999999995 0.97190295903347256878 0.00000000099999999995 0.00000000099999999995 0.00000000099999999995 0.00000000099999999995 0.02809703496652739968 0.00000000099999999995 
0.00000000099999999998 0.89649603674562827749 0.05701499470402739828 0.00000000099999999998 0.00000000099999999998 0.04537719399042092205 0.00000000099999999998 0.00111177055992346240 
0.01476904970671443981 0.90770063151892954600 0.03647082226599415722 0.00000000099999999999 0.00000000099999999999 0.02342667908455560791 0.00176887822442092194 0.01586393719938540212 
0.00000000099999999995 0.95233005358283828734 0.00000000099999999995 0.00000000099999999995 0.00000000099999999995 0.00000000099999999995 0.04766994041716171582 0.00000000099999999995 
0.00000000099999999998 0.90934472642674846199 0.00000000099999999998 0.00000000099999999998 0.00000000099999999998 0.01381043514276620796 0.07684483343048545412 0.00000000099999999998 
0.00000000099999999998 0.96005989260307655897 0.00000000099999999998 0.01033012955278298818 0.00000000099999999998 0.00669939813332295301 0.00000000099999999998 0.02291057571081756700 
0.00000000099999999992 0.99999999300000008695 0.00000000099999999992 0.00000000099999999992 0.00000000099999999992 0.00000000099999999992 0.00000000099999999992 0.00000000099999999992 
0.00000000099999999997 0.94947646720015688171 0.00103578406750844338 0.04948774373233467971 0.00000000099999999997 0.00000000099999999997 0.00000000099999999997 0.00000000099999999997 
0.00000000099999999996 0.90535221915881425314 0.00000000099999999996 0.00000000099999999996 0.00000000099999999996 0.00000000099999999996 0.09464777484118576389 0.00000000099999999996 
0.02010674863472323298 0.97989324536527688814 0.00000000099999999994 0.00000000099999999994 0.00000000099999999994 0.00000000099999999994 0.00000000099999999994 0.00000000099999999994 
0.04407076015857520901 0.93282117666577557547 0.00000000099999999995 0.00000000099999999995 0.00000000099999999995 0.02310805817564937081 0.00000000099999999995 0.00000000099999999995 
0.00000000099999999998 0.99731525666898401816 0.00000000099999999998 0.00268473733101600104 0.00000000099999999998 0.00000000099999999998 0.00000000099999999998 0.00000000099999999998 
0.00000000099999999996 0.97626433060113926299 0.00000000099999999996 0.00000000099999999996 0.00000000099999999996 0.00000000099999999996 0.00000054298834136598 0.02373512141051936988 
0.00000000099999999996 0.96084993175106236940 0.00000000099999999996 0.00000000099999999996 0.00019392084650849241 0.00000000099999999996 0.03895614240242926268 0.00000000099999999996 
0.03511964627039064479 0.85762711384248524471 0.00924091399108189354 0.00000000099999999998 0.00000000099999999998 0.00000000099999999998 0.09801232189604222600 0.00000000099999999998 
0.99999999300000008695 0.00000000099999999975 0.00000000099999999975 0.00000000099999999975 0.00000000099999999975 0.00000000099999999975 0.00000000099999999975 0.00000000099999999975 
0.99999999300000019797 0.00000000099999999976 0.00000000099999999976 0.00000000099999999976 0.00000000099999999976 0.00000000099999999976 0.00000000099999999976 0.00000000099999999976 
0.99999999300000008695 0.00000000099999999976 0.00000000099999999976 0.00000000099999999976 0.00000000099999999976 0.00000000099999999976 0.00000000099999999976 0.00000000099999999976 
0.99999999300000019797 0.00000000099999999978 0.00000000099999999978 0.00000000099999999978 0.00000000099999999978 0.00000000099999999978 0.00000000099999999978 0.00000000099999999978 
0.99999999300000019797 0.00000000099999999970 0.00000000099999999970 0.00000000099999999970 0.00000000099999999970 0.00000000099999999970 0.00000000099999999970 0.00000000099999999970 
0.99999999300000008695 0.00000000099999999973 0.00000000099999999973 0.00000000099999999973 0.00000000099999999973 0.00000000099999999973 0.00000000099999999973 0.00000000099999999973 
0.99999999300000019797 0.00000000099999999975 0.00000000099999999975 0.00000000099999999975 0.00000000099999999975 0.00000000099999999975 0.00000000099999999975 0.00000000099999999975 
0.99999999300000019797 0.00000000099999999987 0.00000000099999999987 0.00000000099999999987 0.00000000099999999987 0.00000000099999999987 0.00000000099999999987 0.00000000099999999987 
0.99999999300000019797 0.00000000099999999974 0.00000000099999999974 0.00000000099999999974 0.00000000099999999974 0.00000000099999999974 0.00000000099999999974 0.00000000099999999974 
0.99439156069280509875 0.00000000099999999992 0.00000000099999999992 0.00560843330719511431 0.00000000099999999992 0.00000000099999999992 0.00000000099999999992 0.00000000099999999992 
0.99999999300000008695 0.00000000099999999995 0.00000000099999999995 0.00000000099999999995 0.00000000099999999995 0.00000000099999999995 0.00000000099999999995 0.00000000099999999995 
0.99999999300000008695 0.00000000099999999985 0.00000000099999999985 0.00000000099999999985 0.00000000099999999985 0.00000000099999999985 0.00000000099999999985 0.00000000099999999985 
0.99999999300000008695 0.00000000099999999990 0.00000000099999999990 0.00000000099999999990 0.00000000099999999990 0.00000000099999999990 0.00000000099999999990 0.00000000099999999990 
0.00000000099999999998 0.92618787101146693441 0.02341527877680341443 0.00358385595852248788 0.00000000333185419349 0.04681298792135289016 0.00000000099999999998 0.00000000099999999998 
0.01475164537445460000 0.94659543323774175683 0.03865291638780376376 0.00000000099999999996 0.00000000099999999996 0.00000000099999999996 0.00000000099999999996 0.00000000099999999996 
0.02075538934790522802 0.91333046649418958562 0.03009282335237372166 0.00000016663553320410 0.00000000099999999997 0.00000000099999999997 0.00000000099999999997 0.03582115116999837201 
0.00000000099999999998 0.95299850008837538873 0.04700141577629061290 0.00000007913533421533 0.00000000099999999998 0.00000000099999999998 0.00000000099999999998 0.00000000099999999998 
0.07588937652744319473 0.77857729523783258951 0.07569210208526401529 0.06984122214946028584 0.00000000099999999997 0.00000000099999999997 0.00000000099999999997 0.00000000099999999997 
0.00000000099999999997 0.96846312927283595418 0.02131278408511078776 0.00000000099999999997 0.00000000099999999997 0.01022408164205329019 0.00000000099999999997 0.00000000099999999997 
0.00152260878222770205 0.90322830518805385935 0.03271088188393095342 0.01190614275270703536 0.00022998529661193834 0.03417566592488276156 0.00000000100000000000 0.01622640917158585730 
0.03425790905163363098 0.96574208494836655259 0.00000000099999999995 0.00000000099999999995 0.00000000099999999995 0.00000000099999999995 0.00000000099999999995 0.00000000099999999995 
0.04094628577052058377 0.95219052578132135078 0.00000000099999999996 0.00686318344815806374 0.00000000099999999996 0.00000000099999999996 0.00000000099999999996 0.00000000099999999996 
0.04790455312343699923 0.76305858212485433434 0.00000000099999999998 0.00000000099999999998 0.04886334602335731803 0.00000000099999999998 0.13309634534848396870 0.00707717037986749578 
0.00000000099999999994 0.99999999300000019797 0.00000000099999999994 0.00000000099999999994 0.00000000099999999994 0.00000000099999999994 0.00000000099999999994 0.00000000099999999994 
0.00000000099999999989 0.00000000099999999989 0.99999999299999997593 0.00000000099999999989 0.00000000099999999989 0.00000000099999999989 0.00000000099999999989 0.00000000099999999989 
0.00000000099999999983 0.00000000099999999983 0.99999999300000008695 0.00000000099999999983 0.00000000099999999983 0.00000000099999999983 0.00000000099999999983 0.00000000099999999983 
0.00000000099999999986 0.00000000099999999986 0.99999999300000008695 0.00000000099999999986 0.00000000099999999986 0.00000000099999999986 0.00000000099999999986 0.00000000099999999986 
0.00000000099999999987 0.00000000099999999987 0.99999999299999997593 0.00000000099999999987 0.00000000099999999987 0.00000000099999999987 0.00000000099999999987 0.00000000099999999987 
0.00000000099999999994 0.00000000099999999994 0.99999999299999997593 0.00000000099999999994 0.00000000099999999994 0.00000000099999999994 0.00000000099999999994 0.00000000099999999994 
0.00000000099999999983 0.00000000099999999983 0.99999999300000008695 0.00000000099999999983 0.00000000099999999983 0.00000000099999999983 0.00000000099999999983 0.00000000099999999983 
0.00000000099999999987 0.00000000099999999987 0.99999999300000008695 0.00000000099999999987 0.00000000099999999987 0.00000000099999999987 0.00000000099999999987 0.00000000099999999987 
0.00000000099999999998 0.00000000099999999998 0.90511648105830189159 0.01956610162273217379 0.07403813402991350767 0.00127927928905244704 0.00000000099999999998 0.00000000099999999998 
0.00000000099999999983 0.00000000099999999983 0.99999999299999997593 0.00000000099999999983 0.00000000099999999983 0.00000000099999999983 0.00000000099999999983 0.00000000099999999983 
0.00000000099999999989 0.00000000099999999989 0.99999999300000008695 0.00000000099999999989 0.00000000099999999989 0.00000000099999999989 0.00000000099999999989 0.00000000099999999989 
0.00000000099999999989 0.00000000099999999989 0.99999999299999997593 0.00000000099999999989 0.00000000099999999989 0.00000000099999999989 0.00000000099999999989 0.00000000099999999989 
0.00000000099999999993 0.00000000099999999993 0.94518109517281556631 0.00000000099999999993 0.05481889882718449236 0.00000000099999999993 0.00000000099999999993 0.00000000099999999993 
0.00000000099999999991 0.00000000099999999991 0.99999999300000008695 0.00000000099999999991 0.00000000099999999991 0.00000000099999999991 0.00000000099999999991 0.00000000099999999991 
0.00000000099999999982 0.00000000099999999982 0.99999999299999997593 0.00000000099999999982 0.00000000099999999982 0.00000000099999999982 0.00000000099999999982 0.00000000099999999982 
0.00000000099999999983 0.00000000099999999983 0.99999999299999997593 0.00000000099999999983 0.00000000099999999983 0.00000000099999999983 0.00000000099999999983 0.00000000099999999983 
0.00000000099999999984 0.00000000099999999984 0.99999999299999997593 0.00000000099999999984 0.00000000099999999984 0.00000000099999999984 0.00000000099999999984 0.00000000099999999984 
0.00000000099999999984 0.00000000099999999984 0.99999999300000008695 0.00000000099999999984 0.00000000099999999984 0.00000000099999999984 0.00000000099999999984 0.00000000099999999984 
0.00000000099999999984 0.00000000099999999984 0.00000000099999999984 0.99999999299999997593 0.00000000099999999984 0.00000000099999999984 0.00000000099999999984 0.00000000099999999984 
0.00000000099999999987 0.00000000099999999987 0.00000000099999999987 0.99999999300000008695 0.00000000099999999987 0.00000000099999999987 0.00000000099999999987 0.00000000099999999987 
0.00000000099999999997 0.00000000099999999997 0.05745843275513796977 0.89294918695820080234 0.00000000099999999997 0.04959237528666113337 0.00000000099999999997 0.00000000099999999997 
0.00000000099999999978 0.00000000099999999978 0.00000000099999999978 0.99999999299999997593 0.00000000099999999978 0.00000000099999999978 0.00000000099999999978 0.00000000099999999978 
0.00000000099999999991 0.00000000099999999991 0.00000000099999999991 0.99999999299999997593 0.00000000099999999991 0.00000000099999999991 0.00000000099999999991 0.00000000099999999991 
0.00000000099999999994 0.00000000099999999994 0.01674972447175916354 0.98325026952824090554 0.00000000099999999994 0.00000000099999999994 0.00000000099999999994 0.00000000099999999994 
0.00000000099999999987 0.00000000099999999987 0.00000000099999999987 0.99999999300000008695 0.00000000099999999987 0.00000000099999999987 0.00000000099999999987 0.00000000099999999987 
0.01019768039044639460 0.00000000099999999991 0.00000000099999999991 0.98980231360955361897 0.00000000099999999991 0.00000000099999999991 0.00000000099999999991 0.00000000099999999991 
0.00000000099999999991 0.02940582169697132306 0.00000000099999999991 0.97059417230302880153 0.00000000099999999991 0.00000000099999999991 0.00000000099999999991 0.00000000099999999991 
0.00000000099999999983 0.00000000099999999983 0.01276588295901387796 0.98723411104098623969 0.00000000099999999983 0.00000000099999999983 0.00000000099999999983 0.00000000099999999983 
0.00000000099999999987 0.00000000099999999987 0.00000000099999999987 0.99999999299999997593 0.00000000099999999987 0.00000000099999999987 0.00000000099999999987 0.00000000099999999987 
0.00000000099999999992 0.00000000099999999992 0.00000000099999999992 0.99813808877108989304 0.00186190522891012248 0.00000000099999999992 0.00000000099999999992 0.00000000099999999992 
0.00000000099999999995 0.00000000099999999995 0.00000000099999999995 0.94181620040057523191 0.00000000099999999995 0.05818379359942488921 0.00000000099999999995 0.00000000099999999995 
0.01818889206602454511 0.00000000099999999992 0.00000000099999999992 0.98181110193397547192 0.00000000099999999992 0.00000000099999999992 0.00000000099999999992 0.00000000099999999992 
0.00048003845582437110 0.00000000099999999995 0.03128921964679948209 0.93712876720669913144 0.00000000099999999995 0.00000000099999999995 0.03110197069067699091 0.00000000099999999995 
0.00000000099999999988 0.00000000099999999988 0.00000000099999999988 0.99999999299999997593 0.00000000099999999988 0.00000000099999999988 0.00000000099999999988 0.00000000099999999988 
0.00000000099999999989 0.00000000099999999989 0.04692264934085561834 0.95307734465914439870 0.00000000099999999989 0.00000000099999999989 0.00000000099999999989 0.00000000099999999989 
0.00000000099999999986 0.00000000099999999986 0.00000000099999999986 0.99999999300000008695 0.00000000099999999986 0.00000000099999999986 0.00000000099999999986 0.00000000099999999986 
0.00000000099999999986 0.00000000099999999986 0.00000000099999999986 0.99999999299999997593 0.00000000099999999986 0.00000000099999999986 0.00000000099999999986 0.00000000099999999986 
0.00000000099999999987 0.00000000099999999987 0.00000000099999999987 0.99999999299999997593 0.00000000099999999987 0.00000000099999999987 0.00000000099999999987 0.00000000099999999987 
0.00000000099999999993 0.00000000099999999993 0.00000000099999999993 0.98571069033015001892 0.00000000099999999993 0.01428930366985002760 0.00000000099999999993 0.00000000099999999993 
0.00190217739228483776 0.00000000099999999992 0.00000000099999999992 0.99809781660771512701 0.00000000099999999992 0.00000000099999999992 0.00000000099999999992 0.00000000099999999992 
0.00000000099999999985 0.00000000099999999985 0.00000000099999999985 0.99999999300000008695 0.00000000099999999985 0.00000000099999999985 0.00000000099999999985 0.00000000099999999985 
0.00000000099999999985 0.00000000099999999985 0.00000000099999999985 0.99999999300000008695 0.00000000099999999985 0.00000000099999999985 0.00000000099999999985 0.00000000099999999985 
0.00000000099999999981 0.00000000099999999981 0.00000000099999999981 0.99999999300000008695 0.00000000099999999981 0.00000000099999999981 0.00000000099999999981 0.00000000099999999981 
0.00000000099999999994 0.03528438439132691035 0.00000000099999999994 0.96471560960867319690 0.00000000099999999994 0.00000000099999999994 0.00000000099999999994 0.00000000099999999994 
0.00000000099999999982 0.00000000099999999982 0.00000000099999999982 0.99999999299999997593 0.00000000099999999982 0.00000000099999999982 0.00000000099999999982 0.00000000099999999982 
0.00000000099999999993 0.00003788066056762588 0.00810667537510276551 0.99185543896432970534 0.00000000099999999993 0.00000000099999999993 0.00000000099999999993 0.00000000099999999993 
0.00000000099999999983 0.00000000099999999983 0.00000000099999999983 0.99999999299999997593 0.00000000099999999983 0.00000000099999999983 0.00000000099999999983 0.00000000099999999983 
0.00000000099999999990 0.00000000099999999990 0.00000000099999999990 0.99999999299999997593 0.00000000099999999990 0.00000000099999999990 0.00000000099999999990 0.00000000099999999990 
0.00000000099999999995 0.01995381288176634876 0.00000000099999999995 0.00000000099999999995 0.21825432312559464587 0.00000000099999999995 0.76179185899263890391 0.00000000099999999995 
0.05507668855911273392 0.02251770952531563508 0.03767433826843075845 0.08700575093352150291 0.10963518866418207887 0.00000000099999999999 0.68809032204943720856 0.00000000099999999999 
0.00000000099999999995 0.01752307038903504199 0.08229971568961889916 0.07135867010603316740 0.12065326667981110531 0.00000000099999999995 0.70816527413550167669 0.00000000099999999995 
0.02194303883154556656 0.00000000099999999998 0.06823267724277536084 0.04092752593589365356 0.23928759367254756607 0.00000000099999999998 0.62960916131723787537 0.00000000099999999998 
0.02087571836435767741 0.10593456410774709786 0.00022724788955250279 0.04367105976907535714 0.16449722493089038999 0.00000000099999999997 0.66479418293837688747 0.00000000099999999997 
0.00000000099999999998 0.00000000099999999998 0.07057604866399298793 0.02832800480832928583 0.17618721116855973197 0.00000000099999999998 0.72490873135911781944 0.00000000099999999998 
0.02950836593959153473 0.07505045927994494215 0.04629983236173162292 0.00000000099999999996 0.20801582505751742280 0.00000000099999999996 0.64112551436121434367 0.00000000099999999996 
0.00000000099999999997 0.05462135458913177505 0.06217793676969983474 0.07061385509680810635 0.17468761329810528204 0.00000000099999999997 0.63789923724625485768 0.00000000099999999997 
0.00770449411179974664 0.13091517271988559190 0.07126614213045252832 0.04939715410850653576 0.09035803622129745527 0.00000000099999999999 0.65035899870805813361 0.00000000099999999999 
0.00000000099999999999 0.09673256519107567564 0.05454551948792943361 0.08024981268073395901 0.15956007882806952369 0.00128167309717266368 0.60763034871501875323 0.00000000099999999999 
0.00000000099999999996 0.00000000099999999996 0.01458336641389080743 0.00000000099999999996 0.15994852912685361690 0.00000000099999999996 0.82546809945925558871 0.00000000099999999996 
0.00000000099999999995 0.10539245590684521992 0.13679453906294028465 0.00000000099999999995 0.21121945459674754120 0.00000000099999999995 0.54659354643346702574 0.00000000099999999995 
0.00000000099999999987 0.00000000099999999987 0.00000000099999999987 0.00000000099999999987 0.00000000099999999987 0.00000000099999999987 0.00000000099999999987 0.99999999299999997593 
0.00000000099999999971 0.00000000099999999971 0.00000000099999999971 0.00000000099999999971 0.00000000099999999971 0.00000000099999999971 0.00000000099999999971 0.99999999300000008695 
0.00000000099999999971 0.00000000099999999971 0.00000000099999999971 0.00000000099999999971 0.00000000099999999971 0.00000000099999999971 0.00000000099999999971 0.99999999299999997593 
0.00000000099999999977 0.00000000099999999977 0.00000000099999999977 0.00000000099999999977 0.00000000099999999977 0.00000000099999999977 0.00000000099999999977 0.99999999299999997593 
0.00000000099999999974 0.00000000099999999974 0.00000000099999999974 0.00000000099999999974 0.00000000099999999974 0.00000000099999999974 0.00000000099999999974 0.99999999300000008695 
0.00000000099999999986 0.00000000099999999986 0.00000000099999999986 0.00000000099999999986 0.00000000099999999986 0.00000000099999999986 0.00000000099999999986 0.99999999299999997593 
0.00000000099999999978 0.00000000099999999978 0.00000000099999999978 0.00000000099999999978 0.00000000099999999978 0.00000000099999999978 0.00000000099999999978 0.99999999300000008695 
0.00000000099999999963 0.00000000099999999963 0.00000000099999999963 0.00000000099999999963 0.00000000099999999963 0.00000000099999999963 0.00000000099999999963 0.99999999299999997593 
0.00000000099999999977 0.00000000099999999977 0.00000000099999999977 0.00000000099999999977 0.00000000099999999977 0.00000000099999999977 0.00000000099999999977 0.99999999299999997593 
0.00000000099999999981 0.00000000099999999981 0.00000000099999999981 0.00000000099999999981 0.00000000099999999981 0.00000000099999999981 0.00000000099999999981 0.99999999300000008695 
0.00000000099999999991 0.00000000099999999991 0.00000000099999999991 0.00000000099999999991 0.00000000099999999991 0.00000000099999999991 0.00000000099999999991 0.99999999300000008695 
0.00000000099999999970 0.00000000099999999970 0.00000000099999999970 0.00000000099999999970 0.00000000099999999970 0.00000000099999999970 0.00000000099999999970 0.99999999299999997593 
0.00000000099999999984 0.00000000099999999984 0.00000000099999999984 0.00000000099999999984 0.99999999300000008695 0.00000000099999999984 0.00000000099999999984 0.00000000099999999984 
0.00000000099999999982 0.00000000099999999982 0.00000000099999999982 0.00000000099999999982 0.99999999300000008695 0.00000000099999999982 0.00000000099999999982 0.00000000099999999982 
0.00000000099999999984 0.00000000099999999984 0.00000000099999999984 0.00000000099999999984 0.99999999300000008695 0.00000000099999999984 0.00000000099999999984 0.00000000099999999984 
0.00000000099999999986 0.00000000099999999986 0.00000000099999999986 0.00000000099999999986 0.99999999299999997593 0.00000000099999999986 0.00000000099999999986 0.00000000099999999986 
0.00000000099999999976 0.00000000099999999976 0.00000000099999999976 0.00000000099999999976 0.99999999300000008695 0.00000000099999999976 0.00000000099999999976 0.00000000099999999976 
0.00000000099999999988 0.00000000099999999988 0.00000000099999999988 0.00000000099999999988 0.99999999300000008695 0.00000000099999999988 0.00000000099999999988 0.00000000099999999988 
0.00000000099999999987 0.00000000099999999987 0.00000000099999999987 0.00000000099999999987 0.99999999300000008695 0.00000000099999999987 0.00000000099999999987 0.00000000099999999987 
0.00000000099999999989 0.00000000099999999989 0.00000000099999999989 0.00000000099999999989 0.99999999299999997593 0.00000000099999999989 0.00000000099999999989 0.00000000099999999989 
0.00000000099999999980 0.00000000099999999980 0.00000000099999999980 0.00000000099999999980 0.99999999300000008695 0.00000000099999999980 0.00000000099999999980 0.00000000099999999980 
0.00000000099999999983 0.00000000099999999983 0.00000000099999999983 0.00000000099999999983 0.99999999300000008695 0.00000000099999999983 0.00000000099999999983 0.00000000099999999983 
0.00000000099999999987 0.00000000099999999987 0.00000000099999999987 0.00000000099999999987 0.99999999300000008695 0.00000000099999999987 0.00000000099999999987 0.00000000099999999987 
0.00000000099999999986 0.00000000099999999986 0.00000000099999999986 0.00000000099999999986 0.99999999300000008695 0.00000000099999999986 0.00000000099999999986 0.00000000099999999986 
0.00000000099999999987 0.00000000099999999987 0.00000000099999999987 0.00000000099999999987 0.99999999299999997593 0.00000000099999999987 0.00000000099999999987 0.00000000099999999987 
0.00000000099999999991 0.00000000099999999991 0.00000000099999999991 0.86273791134333299713 0.00000000099999999991 0.10954625540815088325 0.02771582824851617083 0.00000000099999999991 
0.00000000099999999992 0.00000000099999999992 0.00000000099999999992 0.74507667083974393751 0.00000000099999999992 0.08866453764142862015 0.16625878651882750048 0.00000000099999999992 
0.00000000099999999989 0.00000000099999999989 0.00000000099999999989 0.89599094929492051342 0.00000000099999999989 0.10400904470507947586 0.00000000099999999989 0.00000000099999999989 
0.00000000099999999991 0.00000000099999999991 0.00000000099999999991 0.90182944629406525117 0.00000000099999999991 0.09463861505751446079 0.00353193364842038608 0.00000000099999999991 
0.00000000099999999991 0.00000000099999999991 0.00000000099999999991 0.79699338471526215422 0.03469207963996496363 0.11477522194313739823 0.05353930970163538194 0.00000000099999999991 
0.00000000099999999991 0.00000000099999999991 0.00000000099999999991 0.84783889885138996600 0.02967503261545193990 0.12248606353315802386 0.00000000099999999991 0.00000000099999999991 
0.00000000099999999993 0.00000000099999999993 0.00000000099999999993 0.89452519598594537609 0.00000000099999999993 0.03402861463089004029 0.07144618438316473197 0.00000000099999999993 
0.00000000099999999996 0.00000000099999999996 0.00000000099999999996 0.81833293766933368207 0.00804772074360478318 0.11437670232945892912 0.05924263525760259386 0.00000000099999999996 
0.00000000099999999990 0.00000000099999999990 0.00000000099999999990 0.84054367114100925207 0.00000000099999999990 0.15945632285899083436 0.00000000099999999990 0.00000000099999999990 
0.00000000099999999993 0.00000000099999999993 0.00000000099999999993 0.80396697448676357478 0.02929182863066076559 0.15094785221912501716 0.01579334066345071744 0.00000000099999999993 
0.00000000099999999992 0.00000000099999999992 0.00000000099999999992 0.85205189330433706019 0.00000000099999999992 0.09257686223514371981 0.05537123946051929202 0.00000000099999999992 
0.00000000099999999990 0.00000000099999999990 0.00000000099999999990 0.85950313251970644757 0.01697089408338024047 0.12352596839691327990 0.00000000099999999990 0.00000000099999999990 
0.00000000099999999995 0.00000000099999999995 0.00000000099999999995 0.83901652777423385565 0.00000000099999999995 0.09153561653379761742 0.06199362213511524361 0.00745422955685325940 
0.00000000099999999989 0.00000000099999999989 0.00000000099999999989 0.90005327728655226682 0.00000000099999999989 0.05302799662227320604 0.04691872109117443956 0.00000000099999999989 
0.00000000099999999994 0.00000000099999999994 0.00000000099999999994 0.84595703812588940451 0.00000000099999999994 0.11842887480749612894 0.03561408206661435816 0.00000000099999999994 
0.00000000099999999992 0.00000000099999999992 0.00000000099999999992 0.81669658596369287817 0.00000000099999999992 0.04058352926407007844 0.14271987977223699051 0.00000000099999999992 
0.00000000099999999993 0.00000000099999999993 0.00000000099999999993 0.83941979723670123725 0.00000000099999999993 0.11068991505434123968 0.04989028270895751183 0.00000000099999999993 
0.00000000099999999991 0.00000000099999999991 0.00000000099999999991 0.84604559636112608434 0.01643828263951501584 0.10959884124138785655 0.02791727575797096905 0.00000000099999999991 
0.00000000099999999993 0.00000000099999999993 0.00000000099999999993 0.86793032508559375682 0.04233480215736733915 0.08973486775703878870 0.00000000099999999993 0.00000000099999999993 
0.00000000099999999992 0.00000000099999999992 0.00000000099999999992 0.00000000099999999992 0.00000000099999999992 0.00000000099999999992 0.99999999299999986491 0.00000000099999999992 
0.00000000099999999998 0.19392933540435081108 0.00000000099999999998 0.00000000099999999998 0.03333157231301069057 0.00000000099999999998 0.77273908728263851486 0.00000000099999999998 
0.00000000099999999992 0.00000000099999999992 0.00000000099999999992 0.00000000099999999992 0.00000000099999999992 0.00000000099999999992 0.99999999299999997593 0.00000000099999999992 
0.00000000099999999992 0.00000000099999999992 0.00000000099999999992 0.00000000099999999992 0.00000000099999999992 0.00121852303331157008 0.99878147096668845606 0.00000000099999999992 
0.00000000099999999994 0.00000000099999999994 0.00000000099999999994 0.00000000099999999994 0.00000000099999999994 0.00000000099999999994 0.99992601675059689104 0.00007397724940318543 
0.00000000099999999989 0.00000000099999999989 0.00000000099999999989 0.00000000099999999989 0.00000000099999999989 0.00000000099999999989 0.99999999299999986491 0.00000000099999999989 
0.00000000099999999990 0.00000000099999999990 0.00000000099999999990 0.00000000099999999990 0.00000000099999999990 0.00000000099999999990 0.99999999299999986491 0.00000000099999999990 
0.00000000099999999993 0.00000000099999999993 0.00000000099999999993 0.00000000099999999993 0.00000000099999999993 0.00834256320500287134 0.96997693149525632261 0.02168050029974070286 
0.00000000099999999988 0.00000000099999999988 0.00000000099999999988 0.00000000099999999988 0.00000000099999999988 0.00000000099999999988 0.99999999299999986491 0.00000000099999999988 
0.00000000099999999994 0.00000000099999999994 0.00000000099999999994 0.00000000099999999994 0.00000000099999999994 0.00000000099999999994 0.99999999299999986491 0.00000000099999999994 
0.00000000099999999994 0.00000000099999999994 0.00000000099999999994 0.00000000099999999994 0.00000104601309899891 0.00000000099999999994 0.99999894798690092124 0.00000000099999999994 
0.00000000099999999989 0.00000000099999999989 0.00000000099999999989 0.00000000099999999989 0.00000000099999999989 0.00000000099999999989 0.99999999299999986491 0.00000000099999999989 
0.00000000099999999989 0.00000000099999999989 0.00000000099999999989 0.00000000099999999989 0.00000000099999999989 0.00000000099999999989 0.99999999299999997593 0.00000000099999999989 
0.03360648620296854266 0.37111668484224380471 0.00000000099999999996 0.00000000099999999996 0.00005562308624374213 0.00000000099999999996 0.52089698664673500517 0.07432421622180895859 
