0.99999999600000011313 0.00000000099999999997 0.00000000099999999997 0.00000000099999999997 0.00000000099999999997 
0.98249798878762650833 0.00000000099999999997 0.00000000099999999997 0.00000000099999999997 0.01750200821237359039 
0.99999999600000011313 0.00000000099999999992 0.00000000099999999992 0.00000000099999999992 0.00000000099999999992 
0.99999999600000000211 0.00000000099999999994 0.00000000099999999994 0.00000000099999999994 0.00000000099999999994 
0.99999999600000000211 0.00000000099999999995 0.00000000099999999995 0.00000000099999999995 0.00000000099999999995 
0.99999999600000000211 0.00000000099999999996 0.00000000099999999996 0.00000000099999999996 0.00000000099999999996 
0.99999999600000011313 0.00000000099999999993 0.00000000099999999993 0.00000000099999999993 0.00000000099999999993 
0.99999999600000011313 0.00000000099999999991 0.00000000099999999991 0.00000000099999999991 0.00000000099999999991 
0.99999999600000011313 0.00000000099999999995 0.00000000099999999995 0.00000000099999999995 0.00000000099999999995 
0.99999999600000000211 0.00000000099999999994 0.00000000099999999994 0.00000000099999999994 0.00000000099999999994 
0.00000000099999999998 0.01891478287699990130 0.98108521412300009334 0.00000000099999999998 0.00000000099999999998 
0.00000000099999999993 0.00000000099999999993 0.99999999599999989108 0.00000000099999999993 0.00000000099999999993 
0.01781105273345124848 0.00000000766536365341 0.98218893760118519687 0.00000000099999999999 0.00000000099999999999 
0.00000000099999999997 0.00000000099999999997 0.99999999600000000211 0.00000000099999999997 0.00000000099999999997 
0.00000000099999999998 0.00000000099999999998 0.99999999599999989108 0.00000000099999999998 0.00000000099999999998 
0.00000000099999999996 0.00000000099999999996 0.99999999599999989108 0.00000000099999999996 0.00000000099999999996 
0.00000000099999999998 0.00000000099999999998 0.99999999599999989108 0.00000000099999999998 0.00000000099999999998 
0.00000000099999999996 0.00000000099999999996 0.99999999600000000211 0.00000000099999999996 0.00000000099999999996 
0.00000000099999999997 0.00000000099999999997 0.99999999599999989108 0.00000000099999999997 0.00000000099999999997 
0.00001272116325101368 0.02293785648572203850 0.97704942035102693154 0.00000000099999999999 0.00000000099999999999 
0.00000000099999999997 0.00000000099999999997 0.99999999599999989108 0.00000000099999999997 0.00000000099999999997 
0.00000000099999999997 0.00000000099999999997 0.99999999599999989108 0.00000000099999999997 0.00000000099999999997 
0.00000000099999999994 0.00000000099999999994 0.99999999600000000211 0.00000000099999999994 0.00000000099999999994 
0.00000000099999999995 0.00000000099999999995 0.99999999599999989108 0.00000000099999999995 0.00000000099999999995 
0.08358385079923136285 0.00000000099999999999 0.90043391766586000635 0.00000000099999999999 0.01598222953490862144 
0.00000000099999999999 0.03096823550257130769 0.94741115524182262231 0.00000000099999999999 0.02162060725560603636 
0.00000000099999999997 0.00000000099999999997 0.99999999391892047118 0.00000000099999999997 0.00000000308107958199 
0.00000000099999999997 0.00000000099999999997 0.98873212457415016186 0.00000000099999999997 0.01126787242584981891 
0.00000000099999999997 0.00000000099999999997 0.96212067996782224544 0.03787931703217779084 0.00000000099999999997 
0.00000000099999999999 0.04219810874339011836 0.93851488979560204751 0.00000000099999999999 0.01928699946100787335 
0.00000000099999999998 0.06368738040049595761 0.93631261659950404397 0.00000000099999999998 0.00000000099999999998 
0.00705942598278290739 0.00000000099999999999 0.99294057101721722169 0.00000000099999999999 0.00000000099999999999 
0.00000000099999999996 0.00000000099999999996 0.99999999600000000211 0.00000000099999999996 0.00000000099999999996 
0.00000000099999999997 0.00000000099999999997 0.99999999599999989108 0.00000000099999999997 0.00000000099999999997 
0.00000000100000000000 0.01626652499409865851 0.92708374051485253897 0.02702600256700139411 0.02962373092404750607 
0.01513296911297732673 0.00000000100000000000 0.92761996724141715376 0.03942379016175336787 0.01782327248385205329 
0.00000289225464721092 0.00000000099999999998 0.99999710474535263849 0.00000000099999999998 0.00000000099999999998 
0.04602802808807542750 0.00000000099999999999 0.95397196891192459489 0.00000000099999999999 0.00000000099999999999 
0.00000000099999999999 0.00844912771559714303 0.97066459123937920417 0.00000000099999999999 0.02088627904502357580 
0.00000000099999999995 0.00000000099999999995 0.99999999599999989108 0.00000000099999999995 0.00000000099999999995 
0.00000000099999999998 0.04423676963453555822 0.95576322736546448500 0.00000000099999999998 0.00000000099999999998 
0.02865744762473786469 0.01239365205095285458 0.95894889832430918464 0.00000000099999999998 0.00000000099999999998 
0.00000000099999999996 0.00000000099999999996 0.99999999600000000211 0.00000000099999999996 0.00000000099999999996 
0.00000000099999999998 0.00000000099999999998 0.98945609345662810519 0.01054390354337183394 0.00000000099999999998 
0.00000000099999999998 0.00000000099999999998 0.99999999599999989108 0.00000000099999999998 0.00000000099999999998 
0.00000000099999999998 0.00000000099999999998 0.97969017031699079379 0.00000000099999999998 0.02030982668300919045 
0.00007619154117715641 0.00000000099999999998 0.99992380545882286746 0.00000000099999999998 0.00000000099999999998 
0.03441924001107736497 0.00094632102466640788 0.91409342818850813916 0.05012138397879058876 0.00041962679695759598 
0.00000000099999999992 0.00000000099999999992 0.00000000099999999992 0.99999999600000000211 0.00000000099999999992 
0.00000000099999999991 0.00000000099999999991 0.00000000099999999991 0.99999999599999989108 0.00000000099999999991 
0.00000000099999999992 0.00000000099999999992 0.00000000099999999992 0.99999999600000000211 0.00000000099999999992 
0.00000000099999999994 0.00000000099999999994 0.00000000099999999994 0.99999999600000000211 0.00000000099999999994 
0.00000000099999999993 0.00000000099999999993 0.00000000099999999993 0.99999999600000000211 0.00000000099999999993 
0.00000000099999999991 0.00000000099999999991 0.00000000099999999991 0.99999999600000000211 0.00000000099999999991 
0.00000000099999999991 0.00000000099999999991 0.00000000099999999991 0.99999999600000000211 0.00000000099999999991 
0.00000000099999999994 0.00000000099999999994 0.00000000099999999994 0.99999999599999989108 0.00000000099999999994 
0.00000000099999999991 0.00000000099999999991 0.00000000099999999991 0.99999999599999989108 0.00000000099999999991 
0.00000000099999999995 0.02213833142674312762 0.00000000099999999995 0.97786166557325682192 0.00000000099999999995 
0.00000000099999999998 0.00000000099999999998 0.00000000099999999998 0.99999999600000000211 0.00000000099999999998 
0.00000000099999999995 0.00000000099999999995 0.00000000099999999995 0.99999999600000000211 0.00000000099999999995 
0.00000000099999999997 0.00000000099999999997 0.00000000099999999997 0.99999999599999989108 0.00000000099999999997 
0.03131264617298722824 0.01394297420614926640 0.95474437762086350467 0.00000000099999999999 0.00000000099999999999 
0.00000000099999999998 0.00000000099999999998 0.94970665163289180732 0.05029334536710818038 0.00000000099999999998 
0.00000000099999999999 0.00000000099999999999 0.93666184740369184958 0.02817082563920894969 0.03516732495709913586 
0.00000000099999999999 0.00299345518867006125 0.97401641601102417756 0.02299012680030567898 0.00000000099999999999 
0.00000000099999999998 0.06451271048764040117 0.79026946335513803543 0.14521782415722153670 0.00000000099999999998 
0.00000000099999999999 0.00000000099999999999 0.99600807070933206067 0.00000000099999999999 0.00399192629066801811 
0.02534253924451402087 0.01450092610624043390 0.92687116115622192325 0.01733881817749247101 0.01594655531553115443 
0.00000000099999999997 0.00000000099999999997 0.99999999600000000211 0.00000000099999999997 0.00000000099999999997 
0.00000000099999999998 0.01115685832907604112 0.98884313867092399342 0.00000000099999999998 0.00000000099999999998 
0.16122709829947801108 0.00000000099999999999 0.82129498665039080141 0.00000000099999999999 0.01747791305013121979 
0.00000000099999999996 0.00000000099999999996 0.99999999600000000211 0.00000000099999999996 0.00000000099999999996 
0.00000000957504020837 0.04121847531319896424 0.00000000099999999999 0.95123553965785778708 0.00754597445390305793 
0.01118766700301145750 0.00000000099999999997 0.00000000099999999997 0.98881232999698853714 0.00000000099999999997 
0.00000000099999999996 0.00000000099999999996 0.00000000099999999996 0.97901547541732769631 0.02098452158267227058 
0.06031232337460929599 0.00938532851158301734 0.00000000099999999997 0.93030234611380757670 0.00000000099999999997 
0.00000000099999999998 0.00000000099999999998 0.00000000099999999998 0.99368190185859717189 0.00631809514140265274 
0.01936023672473949353 0.00036194865875465099 0.00000000099999999998 0.98027781261650581701 0.00000000099999999998 
0.04402325761291161349 0.02028406332987034086 0.00000000099999999998 0.93569267705721792527 0.00000000099999999998 
0.14908033328356010139 0.02493226431542622246 0.00000000099999999998 0.82598740040101370496 0.00000000099999999998 
0.00000375764839167271 0.00433275685488393111 0.00000000099999999997 0.99566348349672451068 0.00000000099999999997 
0.02006072580557401869 0.00000000099999999997 0.00000000099999999997 0.97993927119442603146 0.00000000099999999997 
0.04339895004792092281 0.00000000099999999999 0.00000000099999999999 0.95340328087269965440 0.00319776707937938264 
0.10336307335395228391 0.01597012828377838978 0.00000000099999999998 0.88066679636226929961 0.00000000099999999998 
0.10567365683350680994 0.00000000099999999997 0.00000000099999999997 0.89432634016649303899 0.00000000099999999997 
0.00939704603714750647 0.00000000099999999997 0.00000000099999999997 0.99060295096285244654 0.00000000099999999997 
0.04539545676403508589 0.00000000099999999997 0.00000000099999999997 0.95460454023596486017 0.00000000099999999997 
0.02099015952916542457 0.00000000099999999998 0.00000000099999999998 0.97900983747083469844 0.00000000099999999998 
0.00379544421426186631 0.04581640135701339767 0.00000000099999999998 0.95038815242872476396 0.00000000099999999998 
0.00000000099999999990 0.99999999600000000211 0.00000000099999999990 0.00000000099999999990 0.00000000099999999990 
0.00000000099999999992 0.99999999600000011313 0.00000000099999999992 0.00000000099999999992 0.00000000099999999992 
0.03744489230772516525 0.92005824809552838595 0.00000000100000000000 0.03275020600920341279 0.00974665258754309725 
0.00000000099999999987 0.99999999600000000211 0.00000000099999999987 0.00000000099999999987 0.00000000099999999987 
0.00000000099999999994 0.99999999600000011313 0.00000000099999999994 0.00000000099999999994 0.00000000099999999994 
0.00000000099999999997 0.99730711514805747697 0.00000000099999999997 0.00269288185194266469 0.00000000099999999997 
0.00000000099999999992 0.99999999600000000211 0.00000000099999999992 0.00000000099999999992 0.00000000099999999992 
0.00000000099999999995 0.99896488639154834566 0.00103472473458578271 0.00000038687386581637 0.00000000099999999995 
0.00000000099999999995 0.97849284514371726029 0.02150715185628275863 0.00000000099999999995 0.00000000099999999995 
0.00000000099999999991 0.99999999600000011313 0.00000000099999999991 0.00000000099999999991 0.00000000099999999991 
0.00000000099999999993 0.99999999600000011313 0.00000000099999999993 0.00000000099999999993 0.00000000099999999993 
0.00000000099999999995 0.99999999600000000211 0.00000000099999999995 0.00000000099999999995 0.00000000099999999995 
0.05753500747794863118 0.94246498952205137734 0.00000000099999999997 0.00000000099999999997 0.00000000099999999997 
0.00000000099999999996 0.99999999600000011313 0.00000000099999999996 0.00000000099999999996 0.00000000099999999996 
0.00000000099999999997 0.95238716848651527869 0.00000000099999999997 0.04761282851348482004 0.00000000099999999997 
0.00000000099999999993 0.99999999600000011313 0.00000000099999999993 0.00000000099999999993 0.00000000099999999993 
0.00000000099999999996 0.98610139343013547553 0.01306410191272360834 0.00083450265714090765 0.00000000099999999996 
0.00000000099999999992 0.99999999600000011313 0.00000000099999999992 0.00000000099999999992 0.00000000099999999992 
0.00000000099999999992 0.99999999600000000211 0.00000000099999999992 0.00000000099999999992 0.00000000099999999992 
0.00000000099999999992 0.99999999600000011313 0.00000000099999999992 0.00000000099999999992 0.00000000099999999992 
0.00000000099999999996 0.99999999600000011313 0.00000000099999999996 0.00000000099999999996 0.00000000099999999996 
0.00000000099999999995 0.99999999600000011313 0.00000000099999999995 0.00000000099999999995 0.00000000099999999995 
0.00000000099999999992 0.99999999600000000211 0.00000000099999999992 0.00000000099999999992 0.00000000099999999992 
0.00000000099999999991 0.99999999600000000211 0.00000000099999999991 0.00000000099999999991 0.00000000099999999991 
0.00000000099999999989 0.99999999600000000211 0.00000000099999999989 0.00000000099999999989 0.00000000099999999989 
0.00000000099999999996 0.96614034230505285716 0.03385965469494717911 0.00000000099999999996 0.00000000099999999996 
0.00000000099999999990 0.99999999600000011313 0.00000000099999999990 0.00000000099999999990 0.00000000099999999990 
0.00000000099999999997 0.99999990542211958378 0.00000009157788039827 0.00000000099999999997 0.00000000099999999997 
0.00000000099999999990 0.99999999600000011313 0.00000000099999999990 0.00000000099999999990 0.00000000099999999990 
0.00000000099999999994 0.99999999600000000211 0.00000000099999999994 0.00000000099999999994 0.00000000099999999994 
0.83304188843681692411 0.02473579643429764385 0.14222231312888550248 0.00000000099999999999 0.00000000099999999999 
0.67660301427712754574 0.08339065404632746425 0.12212524154467552240 0.10999418890834479490 0.00788690122352469179 
0.65157099038481924858 0.10173970328963008458 0.16895908612317633857 0.07773021920237417615 0.00000000099999999998 
0.75961268144795390800 0.04058442141892717320 0.07799660565375722554 0.12180629047936174236 0.00000000099999999999 
0.70038714354096864856 0.04424521809816400059 0.17463240447406039313 0.08073523288680706234 0.00000000099999999998 
0.71575202398433113160 0.06651200536184502521 0.15038641511252959226 0.06734955454129419594 0.00000000100000000000 
0.69506947887557790633 0.01902123191743936015 0.17971913656014290583 0.10619015164683971719 0.00000000099999999998 
0.70648465928900738842 0.09177326073543824736 0.16324692900293008568 0.03849514997262414029 0.00000000099999999999 
0.61394098024433452210 0.05693595384617159555 0.20874449095816863253 0.12037857395132521565 0.00000000099999999999 
0.68602198049446105887 0.08271918894120496024 0.16474149254781930707 0.06651733701651467434 0.00000000100000000000 
0.79423019248478965437 0.04654170685594730822 0.12528843089076421857 0.03393966876849864589 0.00000000099999999999 
0.63720809457696592215 0.00441907337121978834 0.21851081488938131625 0.13986201616243307266 0.00000000099999999999 
0.00000000099999999993 0.00000000099999999993 0.00000000099999999993 0.00000000099999999993 0.99999999599999989108 
0.00000000099999999983 0.00000000099999999983 0.00000000099999999983 0.00000000099999999983 0.99999999600000000211 
0.00000000099999999983 0.00000000099999999983 0.00000000099999999983 0.00000000099999999983 0.99999999600000000211 
0.00000000099999999986 0.00000000099999999986 0.00000000099999999986 0.00000000099999999986 0.99999999599999989108 
0.00000000099999999985 0.00000000099999999985 0.00000000099999999985 0.00000000099999999985 0.99999999599999989108 
0.00000000099999999991 0.00000000099999999991 0.00000000099999999991 0.00000000099999999991 0.99999999600000000211 
0.00000000099999999988 0.00000000099999999988 0.00000000099999999988 0.00000000099999999988 0.99999999600000000211 
0.00000000099999999978 0.00000000099999999978 0.00000000099999999978 0.00000000099999999978 0.99999999599999989108 
0.00000000099999999986 0.00000000099999999986 0.00000000099999999986 0.00000000099999999986 0.99999999600000000211 
0.00000000099999999989 0.00000000099999999989 0.00000000099999999989 0.00000000099999999989 0.99999999600000000211 
0.00000000099999999995 0.00000000099999999995 0.00000000099999999995 0.00000000099999999995 0.99999999600000000211 
0.00000000099999999982 0.00000000099999999982 0.00000000099999999982 0.00000000099999999982 0.99999999600000000211 
0.99999999600000011313 0.00000000099999999994 0.00000000099999999994 0.00000000099999999994 0.00000000099999999994 
0.99999999600000000211 0.00000000099999999994 0.00000000099999999994 0.00000000099999999994 0.00000000099999999994 
0.97586239478996450458 0.00000000099999999996 0.00000000099999999996 0.00000000099999999996 0.02413760221003562190 
0.95602760152594257193 0.00000000099999999997 0.00000000099999999997 0.04397134759299801271 0.00000104888105947315 
0.99999999600000000211 0.00000000099999999995 0.00000000099999999995 0.00000000099999999995 0.00000000099999999995 
0.92022738083576283152 0.00000000099999999999 0.00000000099999999999 0.06409349398606355164 0.01567912317817376361 
0.96707790965292550478 0.00000000099999999997 0.00000000099999999997 0.00000000099999999997 0.03292208734707464945 
0.90115246700967865934 0.00000000099999999999 0.00000000099999999999 0.01740600290451498403 0.08144152808580644443 
0.95242910136931879794 0.00000000099999999997 0.00000000099999999997 0.03127347812908375796 0.01629741850159750413 
0.99999999600000000211 0.00000000099999999997 0.00000000099999999997 0.00000000099999999997 0.00000000099999999997 
0.94447564880091805506 0.00000000099999999998 0.00000000099999999998 0.00669236778939486746 0.04883198140968721124 
0.93534186871786717532 0.00000000099999999996 0.00000000099999999996 0.00000000099999999996 0.06465812828213285401 
0.98131004940988353358 0.00000000099999999996 0.00000000099999999996 0.00000000099999999996 0.01868994759011652698 
0.13455196830615540060 0.86544802869384451771 0.00000000099999999994 0.00000000099999999994 0.00000000099999999994 
0.23989624525572500469 0.76010375174427502465 0.00000000099999999994 0.00000000099999999994 0.00000000099999999994 
0.08783253971643502356 0.91216745728356496414 0.00000000099999999993 0.00000000099999999993 0.00000000099999999993 
0.08346994415404603018 0.91653005284595412405 0.00000000099999999994 0.00000000099999999994 0.00000000099999999994 
0.21080056074370098762 0.78919943625629906947 0.00000000099999999992 0.00000000099999999992 0.00000000099999999992 
0.16106722816906937634 0.83893276883093059748 0.00000000099999999993 0.00000000099999999993 0.00000000099999999993 
0.08663817651503424866 0.91336182048496583619 0.00000000099999999997 0.00000000099999999997 0.00000000099999999997 
0.18045040255754821179 0.81954959444245178979 0.00000000099999999996 0.00000000099999999996 0.00000000099999999996 
0.15372395792594384378 0.84627603907405624106 0.00000000099999999993 0.00000000099999999993 0.00000000099999999993 
0.21073342789286864107 0.78926656910713144377 0.00000000099999999994 0.00000000099999999994 0.00000000099999999994 
0.13973877479690546832 0.86026122220309453326 0.00000000099999999994 0.00000000099999999994 0.00000000099999999994 
0.14817105530423202442 0.85182894169576806043 0.00000000099999999993 0.00000000099999999993 0.00000000099999999993 
0.14909058681337028496 0.84966029588435754150 0.00000000099999999997 0.00000000099999999997 0.00124911530227216159 
0.11105987781969188510 0.88894011918030813035 0.00000000099999999991 0.00000000099999999991 0.00000000099999999991 
0.13303518301795011491 0.86696481398204983115 0.00000000099999999996 0.00000000099999999996 0.00000000099999999996 
0.17234288762343771828 0.82765710937656222779 0.00000000099999999994 0.00000000099999999994 0.00000000099999999994 
0.16497152501969328253 0.83502847198030660802 0.00000000099999999994 0.00000000099999999994 0.00000000099999999994 
0.16529694112554607632 0.83470305587445392526 0.00000000099999999993 0.00000000099999999993 0.00000000099999999993 
0.13572475336676903535 0.86427524363323093848 0.00000000099999999994 0.00000000099999999994 0.00000000099999999994 
0.91849372724640021559 0.00000000100000000000 0.06482295750143036994 0.01668310144031948453 0.00000021281184985069 
0.66404826191373145239 0.01225175788723425682 0.32369997819903428837 0.00000000100000000000 0.00000000100000000000 
0.88289668595033099496 0.03121016247475922462 0.00092449641678392694 0.08493764748266494080 0.00003100767546085164 
0.89311137708119869849 0.09119125324336677108 0.00000000099999999999 0.01569736767543462863 0.00000000099999999999 
0.76844790562666487332 0.02250223223103453574 0.07981861267945786209 0.06205448521374994086 0.06717676424909281574 
0.80172927848546915452 0.05486136690132781962 0.12659025846413080041 0.01681909514907202474 0.00000000099999999998 
0.82151926511126038832 0.01096146865623061871 0.10216224425469969117 0.05901596606871585549 0.00634105590909340554 
0.82558990332829929049 0.04035892921523206306 0.06723928135241802329 0.00000112743152619902 0.06681075867252420086 
0.85997993654663862362 0.00296491891704797573 0.13705514253631342902 0.00000000099999999999 0.00000000099999999999 
0.73388938216340049436 0.08793931858017205172 0.10185600082202557470 0.04979607769202397394 0.02651922074237786711 
0.83016174894493355296 0.00000000099999999999 0.14397589597526089245 0.00000000099999999999 0.02586235307980563544 
0.86871476480102283180 0.06914333270045923407 0.02822705619261754381 0.00000000100000000000 0.03391484530590044288 
0.82372990995863593078 0.12433290266264027113 0.02436450197615530611 0.00000000100000000000 0.02757268440256845782 
0.28919163862150970568 0.04328766948629530348 0.54365804482078261550 0.02610194635640435482 0.09776070071500791991 
