0.98051277102447154110 0.00000000099999999996 0.01948722497552860325 0.00000000099999999996 0.00000000099999999996 0.00000000099999999996 
0.98993717125869096218 0.00000000099999999995 0.00000000099999999995 0.00000000099999999995 0.01006282474130906768 0.00000000099999999995 
0.99999999500000014141 0.00000000099999999990 0.00000000099999999990 0.00000000099999999990 0.00000000099999999990 0.00000000099999999990 
0.99999999500000014141 0.00000000099999999992 0.00000000099999999992 0.00000000099999999992 0.00000000099999999992 0.00000000099999999992 
0.99999999500000003039 0.00000000099999999993 0.00000000099999999993 0.00000000099999999993 0.00000000099999999993 0.00000000099999999993 
0.99999999500000003039 0.00000000099999999994 0.00000000099999999994 0.00000000099999999994 0.00000000099999999994 0.00000000099999999994 
0.99999999500000014141 0.00000000099999999990 0.00000000099999999990 0.00000000099999999990 0.00000000099999999990 0.00000000099999999990 
0.99999999500000014141 0.00000000099999999988 0.00000000099999999988 0.00000000099999999988 0.00000000099999999988 0.00000000099999999988 
0.99999999500000003039 0.00000000099999999993 0.00000000099999999993 0.00000000099999999993 0.00000000099999999993 0.00000000099999999993 
0.99999999500000014141 0.00000000099999999993 0.00000000099999999993 0.00000000099999999993 0.00000000099999999993 0.00000000099999999993 
0.00000000099999999998 0.00000000099999999998 0.00000000099999999998 0.02012848109169371527 0.00000000099999999998 0.97987151490830626255 
0.00000000099999999992 0.00000000099999999992 0.00000000099999999992 0.00000000099999999992 0.00000000099999999992 0.99999999500000003039 
0.02312974832978385506 0.00000000099999999998 0.00000000099999999998 0.00000000379784723592 0.00000000099999999998 0.97687024487236906456 
0.00000000099999999996 0.00000000099999999996 0.00000000099999999996 0.00000000099999999996 0.00000000099999999996 0.99999999499999991937 
0.00000000099999999997 0.00000000099999999997 0.00589970708423923768 0.00000000099999999997 0.00000000099999999997 0.99410028891576074361 
0.00000000099999999995 0.00000000099999999995 0.00000000099999999995 0.00000000099999999995 0.00000000099999999995 0.99999999499999991937 
0.00000000099999999997 0.00000000099999999997 0.02178844616087442440 0.00000000099999999997 0.00000000099999999997 0.97821154983912561587 
0.00000000099999999995 0.00000000099999999995 0.00000000099999999995 0.00000000099999999995 0.00000000099999999995 0.99999999499999991937 
0.00000000099999999996 0.00000000099999999996 0.00000000099999999996 0.00000000099999999996 0.00000000099999999996 0.99999999500000003039 
0.00268882631088694776 0.00000000099999999999 0.00330696142955053205 0.02266409088143663680 0.00000000099999999999 0.97134011937812592130 
0.00000000099999999997 0.00000000099999999997 0.00000000099999999997 0.00000000099999999997 0.00000000099999999997 0.99999999499999991937 
0.00000000099999999997 0.00000000099999999997 0.00334800398390613365 0.00000000099999999997 0.00000000099999999997 0.99665199201609389057 
0.00000000099999999993 0.00000000099999999993 0.00000000099999999993 0.00000000099999999993 0.00000000099999999993 0.99999999500000003039 
0.00000000099999999995 0.00000000099999999995 0.00000000099999999995 0.00000000099999999995 0.00000000099999999995 0.99999999499999991937 
0.08290098441422912023 0.00000000099999999998 0.00000000099999999998 0.00000000099999999998 0.01610676380612384787 0.90099224877964712022 
0.00000000099999999999 0.00000000099999999999 0.02155159617351309551 0.02753216950203183494 0.01528194905965030853 0.93563428326480480024 
0.00000000099999999996 0.00000000099999999996 0.00000000099999999996 0.00000000099999999996 0.00000000099999999996 0.99999999499999991937 
0.00000000099999999997 0.00000000099999999997 0.00000000099999999997 0.00000000099999999997 0.01096934662201010796 0.98903064937798990108 
0.00000000099999999997 0.00839160060855098471 0.02886314750906692275 0.00000000099999999997 0.00000000099999999997 0.96274524888238210973 
0.00000000099999999998 0.00000000099999999998 0.00000000099999999998 0.04295912993843564037 0.02009111317894244492 0.93694975388262191629 
0.00000000099999999998 0.00052280886048180195 0.00000000099999999998 0.06640374912560624565 0.00000000099999999998 0.93307343901391193164 
0.00871369467671710869 0.00000000099999999999 0.01188595298616494308 0.00000000099999999999 0.00000000099999999999 0.97940034933711794807 
0.00000000099999999996 0.00000000099999999996 0.00046387448370416301 0.00000000099999999996 0.00000000099999999996 0.99953612151629589455 
0.00000000099999999997 0.00000000099999999997 0.00000000099999999997 0.00000000099999999997 0.00000000099999999997 0.99999999500000003039 
0.00000000099999999999 0.05645038683171364063 0.00000000099999999999 0.00594664080012407593 0.03041842958415742759 0.90718454078400478924 
0.00985368122583504640 0.03884926253153082876 0.01587610224120530183 0.00000000100000000000 0.01889952590681538355 0.91652142709461348336 
0.00000343179012783174 0.00000000099999999998 0.00000000099999999998 0.00000000099999999998 0.00000000099999999998 0.99999656420987215188 
0.04910104338376088118 0.00000000099999999999 0.00177847483370760680 0.00000000099999999999 0.00000000099999999999 0.94912047878253158473 
0.00000000099999999998 0.00000000099999999998 0.00000000099999999998 0.00947544046646572359 0.02128510956728363324 0.96923944696625075057 
0.00000000099999999994 0.00000000099999999994 0.00000000099999999994 0.00000000099999999994 0.00000000099999999994 0.99999999499999991937 
0.00000000099999999998 0.00116063863963157044 0.00000000099999999998 0.04735813930903433333 0.00000000099999999998 0.95148121905133409282 
0.03568262266349497142 0.00000000099999999997 0.00000000099999999997 0.01080972420158186204 0.00000000099999999997 0.95350765013492322364 
0.00000000099999999995 0.00000000099999999995 0.02081987537351770098 0.00000000099999999995 0.00000000099999999995 0.97918012062648229765 
0.00000000099999999997 0.00000000099999999997 0.05704777661784690701 0.00000000099999999997 0.00000000099999999997 0.94295221938215312285 
0.00000000099999999998 0.00000000099999999998 0.00000011063117557381 0.00001110518140648925 0.00000000099999999998 0.99998878118741807430 
0.00000000099999999997 0.00000000099999999997 0.00000000099999999997 0.00000000099999999997 0.02178930307634086710 0.97821069292365914194 
0.00029179173972523290 0.00000000099999999997 0.00000000099999999997 0.00000000099999999997 0.00000000099999999997 0.99970820426027462435 
0.03680576307075486553 0.02159124743023184065 0.03731992064593167568 0.00219358557619108146 0.00000053152562934143 0.90208895175126124766 
0.00000000099999999983 0.00000000099999999983 0.99999999499999991937 0.00000000099999999983 0.00000000099999999983 0.00000000099999999983 
0.00000000099999999983 0.00000000099999999983 0.99999999500000003039 0.00000000099999999983 0.00000000099999999983 0.00000000099999999983 
0.00000000099999999983 0.00000000099999999983 0.99999999499999991937 0.00000000099999999983 0.00000000099999999983 0.00000000099999999983 
0.00000000099999999984 0.00000000099999999984 0.99999999499999991937 0.00000000099999999984 0.00000000099999999984 0.00000000099999999984 
0.00000000099999999979 0.00000000099999999979 0.99999999499999991937 0.00000000099999999979 0.00000000099999999979 0.00000000099999999979 
0.00000000099999999981 0.00000000099999999981 0.99999999499999991937 0.00000000099999999981 0.00000000099999999981 0.00000000099999999981 
0.00000000099999999982 0.00000000099999999982 0.99999999499999991937 0.00000000099999999982 0.00000000099999999982 0.00000000099999999982 
0.00000000099999999991 0.00000000099999999991 0.99999999499999991937 0.00000000099999999991 0.00000000099999999991 0.00000000099999999991 
0.00000000099999999981 0.00000000099999999981 0.99999999500000003039 0.00000000099999999981 0.00000000099999999981 0.00000000099999999981 
0.00000000099999999994 0.00000000099999999994 0.99327406202008794445 0.00672593397991214873 0.00000000099999999994 0.00000000099999999994 
0.00000000099999999996 0.00000000099999999996 0.99999999500000003039 0.00000000099999999996 0.00000000099999999996 0.00000000099999999996 
0.00000000099999999989 0.00000000099999999989 0.99999999499999991937 0.00000000099999999989 0.00000000099999999989 0.00000000099999999989 
0.00000000099999999992 0.00000000099999999992 0.99999999499999991937 0.00000000099999999992 0.00000000099999999992 0.00000000099999999992 
0.02082015558636508140 0.02717929516650004207 0.00000000099999999998 0.00957373858596648197 0.00000000099999999998 0.94242680866116823601 
0.00000000099999999998 0.04236113600005910612 0.01193754225881342272 0.00000000099999999998 0.00000000099999999998 0.94570131874112750570 
0.00000000099999999999 0.02734840329366206371 0.01824078496443002143 0.00000000099999999999 0.03337322788333277335 0.92103758185857509400 
0.00000000099999999999 0.04094926261216325081 0.00000000099999999999 0.00000000099999999999 0.00000000099999999999 0.95905073338783675130 
0.00000000099999999998 0.07765493292064769293 0.07723507246982888597 0.06420249503037224470 0.00000000099999999998 0.78090749757915123297 
0.00000000099999999998 0.02004389878116943219 0.00000000099999999998 0.00000000099999999998 0.00129835513073067819 0.97865774308809994064 
0.01419992296906852358 0.03031546220472594588 0.00542706505083501590 0.01392495336236498210 0.01637153091834190125 0.91976106549466374318 
0.00000000099999999996 0.00000000099999999996 0.03232930581020484334 0.00000000099999999996 0.00000000099999999996 0.96767069018979523509 
0.00000000099999999997 0.00000000099999999997 0.04275717856757531993 0.00462745672915084328 0.00000000099999999997 0.95261536170327398843 
0.15443053274003384900 0.00000000099999999999 0.05045115031723580723 0.00000000099999999999 0.01202911044824175359 0.78308920449448859991 
0.00000000099999999995 0.00000000099999999995 0.00000000099999999995 0.00000000099999999995 0.00000000099999999995 0.99999999499999991937 
0.00000000099999999993 0.99999999500000014141 0.00000000099999999993 0.00000000099999999993 0.00000000099999999993 0.00000000099999999993 
0.00000000099999999987 0.99999999500000003039 0.00000000099999999987 0.00000000099999999987 0.00000000099999999987 0.00000000099999999987 
0.00000000099999999990 0.99999999500000014141 0.00000000099999999990 0.00000000099999999990 0.00000000099999999990 0.00000000099999999990 
0.00000000099999999991 0.99999999500000014141 0.00000000099999999991 0.00000000099999999991 0.00000000099999999991 0.00000000099999999991 
0.00000000099999999996 0.99999999500000003039 0.00000000099999999996 0.00000000099999999996 0.00000000099999999996 0.00000000099999999996 
0.00000000099999999987 0.99999999500000003039 0.00000000099999999987 0.00000000099999999987 0.00000000099999999987 0.00000000099999999987 
0.00000000099999999990 0.99999999500000003039 0.00000000099999999990 0.00000000099999999990 0.00000000099999999990 0.00000000099999999990 
0.07280231101381530456 0.91450365922397891527 0.00000000099999999998 0.01269402676220581470 0.00000000099999999998 0.00000000099999999998 
0.00000000099999999988 0.99999999500000014141 0.00000000099999999988 0.00000000099999999988 0.00000000099999999988 0.00000000099999999988 
0.00000000099999999992 0.99999999500000003039 0.00000000099999999992 0.00000000099999999992 0.00000000099999999992 0.00000000099999999992 
0.00000000099999999992 0.99999999500000014141 0.00000000099999999992 0.00000000099999999992 0.00000000099999999992 0.00000000099999999992 
0.00424491928595935146 0.99575507671404073218 0.00000000099999999996 0.00000000099999999996 0.00000000099999999996 0.00000000099999999996 
0.00000000099999999993 0.99999999500000003039 0.00000000099999999993 0.00000000099999999993 0.00000000099999999993 0.00000000099999999993 
0.00000000099999999986 0.99999999500000014141 0.00000000099999999986 0.00000000099999999986 0.00000000099999999986 0.00000000099999999986 
0.00000000099999999987 0.99999999500000003039 0.00000000099999999987 0.00000000099999999987 0.00000000099999999987 0.00000000099999999987 
0.00000000099999999988 0.99999999500000003039 0.00000000099999999988 0.00000000099999999988 0.00000000099999999988 0.00000000099999999988 
0.00000000099999999988 0.99999999500000014141 0.00000000099999999988 0.00000000099999999988 0.00000000099999999988 0.00000000099999999988 
0.00000000099999999989 0.00000000099999999989 0.00000000099999999989 0.99999999500000003039 0.00000000099999999989 0.00000000099999999989 
0.00000000099999999991 0.00000000099999999991 0.00000000099999999991 0.99999999500000003039 0.00000000099999999991 0.00000000099999999991 
0.03298253134103742296 0.06660022224561853998 0.00000000099999999999 0.89863176490721885514 0.00178547950612516887 0.00000000099999999999 
0.00000000099999999986 0.00000000099999999986 0.00000000099999999986 0.99999999499999991937 0.00000000099999999986 0.00000000099999999986 
0.00000000099999999993 0.00000000099999999993 0.00000000099999999993 0.99999999499999991937 0.00000000099999999993 0.00000000099999999993 
0.00000000099999999997 0.01869339192388308479 0.00000000099999999997 0.98130660407611702833 0.00000000099999999997 0.00000000099999999997 
0.00000000099999999991 0.00000000099999999991 0.00000000099999999991 0.99999999499999991937 0.00000000099999999991 0.00000000099999999991 
0.00000000099999999995 0.00000000099999999995 0.01755445924925396264 0.98244553675074597354 0.00000000099999999995 0.00000000099999999995 
0.00000000099999999994 0.00000000099999999994 0.00000000099999999994 0.97443410815798570113 0.00000000099999999994 0.02556588784201423853 
0.00000000099999999989 0.01231471549170803925 0.00000000099999999989 0.98768528050829207388 0.00000000099999999989 0.00000000099999999989 
0.00000000099999999992 0.00000000099999999992 0.00000000099999999992 0.99999999500000003039 0.00000000099999999992 0.00000000099999999992 
0.00000000099999999994 0.00000000099999999994 0.00000000099999999994 0.99999999500000003039 0.00000000099999999994 0.00000000099999999994 
0.06338711177498732030 0.00000000099999999996 0.00000000099999999996 0.93661288422501276507 0.00000000099999999996 0.00000000099999999996 
0.00000000099999999995 0.00000000099999999995 0.01345655086272074148 0.98654344513727931787 0.00000000099999999995 0.00000000099999999995 
0.00000000099999999997 0.04872583178314695423 0.01115692394576578775 0.94011724127108731164 0.00000000099999999997 0.00000000099999999997 
0.00000000099999999992 0.00000000099999999992 0.00000000099999999992 0.99999999500000003039 0.00000000099999999992 0.00000000099999999992 
0.00000000099999999993 0.04796456107299192084 0.00000000099999999993 0.95203543492700803963 0.00000000099999999993 0.00000000099999999993 
0.00000000099999999992 0.00000000099999999992 0.00000000099999999992 0.99999999500000003039 0.00000000099999999992 0.00000000099999999992 
0.00000000099999999991 0.00000000099999999991 0.00000000099999999991 0.99999999499999991937 0.00000000099999999991 0.00000000099999999991 
0.00000000099999999991 0.00000000099999999991 0.00000000099999999991 0.99999999499999991937 0.00000000099999999991 0.00000000099999999991 
0.00000000099999999996 0.00000000099999999996 0.00000000099999999996 0.99999999499999991937 0.00000000099999999996 0.00000000099999999996 
0.00000000099999999995 0.00000000099999999995 0.00674691160843755508 0.99325308439156256846 0.00000000099999999995 0.00000000099999999995 
0.00000000099999999991 0.00000000099999999991 0.00000000099999999991 0.99999999499999991937 0.00000000099999999991 0.00000000099999999991 
0.00000000099999999990 0.00000000099999999990 0.00000000099999999990 0.99999999500000003039 0.00000000099999999990 0.00000000099999999990 
0.00000000099999999987 0.00000000099999999987 0.00000000099999999987 0.99999999499999991937 0.00000000099999999987 0.00000000099999999987 
0.00000000099999999996 0.00000000099999999996 0.00000000099999999996 0.96332561071109490403 0.00000000099999999996 0.03667438528890517441 
0.00000000099999999989 0.00000000099999999989 0.00000000099999999989 0.99999999500000003039 0.00000000099999999989 0.00000000099999999989 
0.00000000099999999996 0.01218768076909327799 0.00000000099999999996 0.98781231523090684554 0.00000000099999999996 0.00000000099999999996 
0.00000000099999999988 0.00000000099999999988 0.00000000099999999988 0.99999999500000003039 0.00000000099999999988 0.00000000099999999988 
0.00000000099999999994 0.00000000099999999994 0.00000000099999999994 0.99999999499999991937 0.00000000099999999994 0.00000000099999999994 
0.77615104265647349990 0.09721201094724070402 0.00000000099999999998 0.00885894174725062808 0.00000000099999999998 0.11777800264903524885 
0.63933727678488694313 0.11383765109229586343 0.04730286919682696184 0.07575428944643344820 0.01124043190674580209 0.11252748157281095009 
0.59114043850488318110 0.16923289062741014854 0.00000000099999999998 0.08522343351829712865 0.00000000099999999998 0.15440323534940958439 
0.70185311350882151338 0.17460745763550053478 0.01913770100026925686 0.02904920356705231396 0.00000000100000000000 0.07535252328835631563 
0.66048188762583992517 0.10132947541101677835 0.03208246916348810734 0.03847704187866097386 0.00000000099999999998 0.16762912492099416029 
0.66825322234050021919 0.13799038958538942246 0.00000000099999999999 0.05627733007593151149 0.00000000099999999999 0.13747905599817872302 
0.64711964712690484003 0.14573743443515743690 0.02828470655445380899 0.00656017781684611022 0.00000000099999999999 0.17229803306663785123 
0.63472914905075639158 0.15513043548883120870 0.00000000099999999998 0.06998148420286227911 0.00000000099999999998 0.14015892925755030207 
0.56697151152822244935 0.16499489624695018453 0.01057759768253583796 0.05425247725025716256 0.00000000099999999999 0.20320351629203442512 
0.62368891060415687644 0.16073856279902837274 0.00000000099999999999 0.06835867767976595843 0.00000000099999999999 0.14721384691704891834 
0.74199274654079161451 0.12086882751601736585 0.00000000099999999999 0.02862924536161154734 0.00000000099999999999 0.10850917858157953233 
0.57473215606837646519 0.22402892533936585862 0.00000000099999999998 0.00000000099999999998 0.00000000099999999998 0.20123891559225784431 
0.00000000099999999991 0.00000000099999999991 0.00000000099999999991 0.00000000099999999991 0.99999999500000003039 0.00000000099999999991 
0.00000000099999999978 0.00000000099999999978 0.00000000099999999978 0.00000000099999999978 0.99999999500000003039 0.00000000099999999978 
0.00000000099999999979 0.00000000099999999979 0.00000000099999999979 0.00000000099999999979 0.99999999500000003039 0.00000000099999999979 
0.00000000099999999982 0.00000000099999999982 0.00000000099999999982 0.00000000099999999982 0.99999999499999991937 0.00000000099999999982 
0.00000000099999999981 0.00000000099999999981 0.00000000099999999981 0.00000000099999999981 0.99999999500000003039 0.00000000099999999981 
0.00000000099999999988 0.00000000099999999988 0.00000000099999999988 0.00000000099999999988 0.99999999500000003039 0.00000000099999999988 
0.00000000099999999984 0.00000000099999999984 0.00000000099999999984 0.00000000099999999984 0.99999999499999991937 0.00000000099999999984 
0.00000000099999999973 0.00000000099999999973 0.00000000099999999973 0.00000000099999999973 0.99999999499999991937 0.00000000099999999973 
0.00000000099999999983 0.00000000099999999983 0.00000000099999999983 0.00000000099999999983 0.99999999500000003039 0.00000000099999999983 
0.00000000099999999986 0.00000000099999999986 0.00000000099999999986 0.00000000099999999986 0.99999999499999991937 0.00000000099999999986 
0.00000000099999999994 0.00000000099999999994 0.00000000099999999994 0.00000000099999999994 0.99999999500000003039 0.00000000099999999994 
0.00000000099999999978 0.00000000099999999978 0.00000000099999999978 0.00000000099999999978 0.99999999499999991937 0.00000000099999999978 
0.91655433488054016689 0.08344566111945989073 0.00000000099999999992 0.00000000099999999992 0.00000000099999999992 0.00000000099999999992 
0.95110143877937780577 0.04889830227471402002 0.00000000099999999994 0.00000000099999999994 0.00000025594590809876 0.00000000099999999994 
0.95842931731854841271 0.00542843753446312517 0.00000000099999999997 0.00000000099999999997 0.03614224214698850274 0.00000000099999999997 
0.87314299712244569651 0.12685699887755430559 0.00000000099999999996 0.00000000099999999996 0.00000000099999999996 0.00000000099999999996 
0.91489115467234505275 0.08510884132765499099 0.00000000099999999994 0.00000000099999999994 0.00000000099999999994 0.00000000099999999994 
0.85039894324457443453 0.14128714157867280909 0.00000000099999999997 0.00000000099999999997 0.00831391217675277010 0.00000000099999999997 
0.89797761244870821784 0.06835558455354136254 0.00000000099999999996 0.00000000099999999996 0.03366679999775033100 0.00000000099999999996 
0.83185682701212670942 0.08607389571076291823 0.00000000099999999999 0.00000000099999999999 0.08206927427711027678 0.00000000099999999999 
0.87292178146504562086 0.11064032277623353506 0.00000000099999999995 0.00000000099999999995 0.01643789275872082137 0.00000000099999999995 
0.90189994433504616644 0.09810005166495380791 0.00000000099999999995 0.00000000099999999995 0.00000000099999999995 0.00000000099999999995 
0.85097813043558145907 0.09971359030296819692 0.00000000099999999996 0.00000000099999999996 0.04930827626145032477 0.00000000099999999996 
0.89493842938610868032 0.03231225028370907082 0.00000000099999999996 0.00000000099999999996 0.07274931733018229207 0.00000000099999999996 
0.96921084412017499687 0.00000000099999999996 0.00000000099999999996 0.00000000099999999996 0.03078915187982512319 0.00000000099999999996 
0.14501051347883411879 0.00000000099999999992 0.00000000099999999992 0.85498948252116591107 0.00000000099999999992 0.00000000099999999992 
0.25044358684182943531 0.00000000099999999993 0.00000000099999999993 0.74955640915817045578 0.00000000099999999993 0.00000000099999999993 
0.10307800891848020730 0.00000000099999999990 0.00000000099999999990 0.89692198708151993358 0.00000000099999999990 0.00000000099999999990 
0.09730199053906517237 0.00000000099999999992 0.00000000099999999992 0.90269800546093492688 0.00000000099999999992 0.00000000099999999992 
0.22353346928080963796 0.00000000099999999990 0.00000000099999999990 0.77646652671919047517 0.00000000099999999990 0.00000000099999999990 
0.17269228114568704879 0.00000000099999999991 0.00000000099999999991 0.82730771485431298107 0.00000000099999999991 0.00000000099999999991 
0.09545966777667654057 0.00000000099999999995 0.00000000099999999995 0.90454032822332341990 0.00000000099999999995 0.00000000099999999995 
0.18970696171288972676 0.00000000099999999996 0.00000000099999999996 0.81029303428711041413 0.00000000099999999996 0.00000000099999999996 
0.16878167952838923904 0.00000000099999999991 0.00000000099999999991 0.83121831647161070755 0.00000000099999999991 0.00000000099999999991 
0.22290404686593237593 0.00000000099999999992 0.00000000099999999992 0.77709594913406754291 0.00000000099999999992 0.00000000099999999992 
0.15233989276636134003 0.00000000099999999992 0.00000000099999999992 0.84766010323363882861 0.00000000099999999992 0.00000000099999999992 
0.15764537689667670883 0.00000000099999999991 0.00000000099999999991 0.84235461910332332103 0.00000000099999999991 0.00000000099999999991 
0.16162578868567070711 0.00000000099999999996 0.00000000099999999996 0.83837414854076752757 0.00000005977356166803 0.00000000099999999996 
0.12322328116536018783 0.00000000099999999988 0.00000000099999999988 0.87677671483463981428 0.00000000099999999988 0.00000000099999999988 
0.14208220357233028452 0.00000000099999999995 0.00000000099999999995 0.85791779242766974534 0.00000000099999999995 0.00000000099999999995 
0.18422247269795583025 0.00000000099999999993 0.00000000099999999993 0.81577752330204422737 0.00000000099999999993 0.00000000099999999993 
0.17655022799753933294 0.00000000099999999992 0.00000000099999999992 0.82344976800246072468 0.00000000099999999992 0.00000000099999999992 
0.17711294545992883886 0.00000000099999999990 0.00000000099999999990 0.82288705054007116324 0.00000000099999999990 0.00000000099999999990 
0.14340376489449449537 0.00000000099999999993 0.00000000099999999993 0.85659623110550553449 0.00000000099999999993 0.00000000099999999993 
0.88833094987262828379 0.06417497915427561317 0.00000000099999999999 0.00000000099999999999 0.00000000099999999999 0.04749406797309607686 
0.61736611155148202190 0.07847656959668687648 0.00000000099999999999 0.00000000099999999999 0.00000000099999999999 0.30415731585183108932 
0.83942835716539154767 0.10842876818547987627 0.02264031378074114059 0.02783685328716416912 0.00162909383553764414 0.00003661374568566169 
0.85488381796600498852 0.05090322131957387974 0.01009800309729319730 0.08411495561712779845 0.00000000099999999999 0.00000000099999999999 
0.73575346245301320725 0.12380820260745792338 0.00000000099999999999 0.00654247919117327808 0.06372990421351171220 0.07016595053484395161 
0.77563256482959030969 0.05860105777207023220 0.00000000099999999998 0.05021982873681737902 0.00000000099999999998 0.11554654666152235076 
0.79309640371387035707 0.06710973327654308485 0.03363025988634225222 0.00573984998258788605 0.00676184979122826640 0.09366190334942801898 
0.77329576698102819865 0.08730802640269490211 0.00000000099999999999 0.03249341484465183283 0.06533057456811625086 0.04157221620350902425 
0.82899011035405090198 0.01835985431118917349 0.00000000099999999999 0.00319381224130865565 0.00000000099999999999 0.14945622109345135797 
0.68965528198844849861 0.12006913499285951086 0.00000000100000000000 0.07137588483475292012 0.02933949032516026262 0.08956020685877878751 
0.81376356282669426445 0.00910073783843269937 0.00000000099999999999 0.00000000099999999999 0.02952422308804689144 0.14761147424682630191 
0.84891745538683138772 0.02697567631803362426 0.00000000100000000000 0.06955171433163402639 0.03327963963913175421 0.02127551332436930856 
0.79191311693638233304 0.03948254890746998036 0.00000000099999999999 0.11617304373727825595 0.02826992844200441543 0.02416136097686506085 
0.30914546471967996322 0.00000000099999999999 0.04261754504992876225 0.03648170043456685357 0.09231894573307149188 0.51943634306275288104 
