0.00000000099999999960 0.00000000099999999960 0.00000000099999999960 0.00000000099999999960 0.00000000099999999960 0.00000000099999999960 0.00000000099999999960 0.00000000099999999960 0.00000000099999999960 0.00000000099999999960 0.99999999000000006077 
0.00000000099999999979 0.00000000099999999979 0.00000000099999999979 0.00000000099999999979 0.00000000099999999979 0.00000000099999999979 0.00000000099999999979 0.00000000099999999979 0.00000000099999999979 0.00000000099999999979 0.99999999000000006077 
0.00000000099999999971 0.00000000099999999971 0.00000000099999999971 0.00000000099999999971 0.00000000099999999971 0.00000000099999999971 0.00000000099999999971 0.00000000099999999971 0.00000000099999999971 0.00000000099999999971 0.99999998999999994975 
0.00000000099999999963 0.00000000099999999963 0.00000000099999999963 0.00000000099999999963 0.00000000099999999963 0.00000000099999999963 0.00000000099999999963 0.00000000099999999963 0.00000000099999999963 0.00000000099999999963 0.99999998999999994975 
0.00000000099999999982 0.00000000099999999982 0.00000000099999999982 0.00000000099999999982 0.00000000099999999982 0.00000000099999999982 0.00000000099999999982 0.00000000099999999982 0.00000000099999999982 0.00000000099999999982 0.99999999000000006077 
0.00000000099999999960 0.00000000099999999960 0.00000000099999999960 0.00000000099999999960 0.00000000099999999960 0.00000000099999999960 0.00000000099999999960 0.00000000099999999960 0.00000000099999999960 0.00000000099999999960 0.99999999000000006077 
0.00000000099999999964 0.00000000099999999964 0.00000000099999999964 0.00000000099999999964 0.00000000099999999964 0.00000000099999999964 0.00000000099999999964 0.00000000099999999964 0.00000000099999999964 0.00000000099999999964 0.99999999000000006077 
0.00000000099999999957 0.00000000099999999957 0.00000000099999999957 0.00000000099999999957 0.00000000099999999957 0.00000000099999999957 0.00000000099999999957 0.00000000099999999957 0.00000000099999999957 0.00000000099999999957 0.99999999000000006077 
0.00000000099999999953 0.00000000099999999953 0.00000000099999999953 0.00000000099999999953 0.00000000099999999953 0.00000000099999999953 0.00000000099999999953 0.00000000099999999953 0.00000000099999999953 0.00000000099999999953 0.99999998999999994975 
0.00000000099999999977 0.00000000099999999977 0.00000000099999999977 0.00000000099999999977 0.00000000099999999977 0.00000000099999999977 0.00000000099999999977 0.00000000099999999977 0.00000000099999999977 0.00000000099999999977 0.99999998999999994975 
0.00000000099999999987 0.00000000099999999987 0.00000000099999999987 0.00000000099999999987 0.99999998875460138770 0.00000000224539867646 0.00000000099999999987 0.00000000099999999987 0.00000000099999999987 0.00000000099999999987 0.00000000099999999987 
0.02610230938592235025 0.00000000099999999989 0.00000000099999999989 0.00000000099999999989 0.97389768161407763714 0.00000000099999999989 0.00000000099999999989 0.00000000099999999989 0.00000000099999999989 0.00000000099999999989 0.00000000099999999989 
0.00000000099999999996 0.00000000099999999996 0.00000000099999999996 0.00828335406179930844 0.97992375624422367597 0.00000000099999999996 0.00000000099999999996 0.00000000099999999996 0.01179288169397724358 0.00000000099999999996 0.00000000099999999996 
0.00000000099999999989 0.00000000099999999989 0.00000000099999999989 0.00000000099999999989 0.99999999000000017180 0.00000000099999999989 0.00000000099999999989 0.00000000099999999989 0.00000000099999999989 0.00000000099999999989 0.00000000099999999989 
0.18563171572160749867 0.00000000099999999994 0.00000000099999999994 0.00000000099999999994 0.79723793668498421638 0.00000000099999999994 0.01713033959340828916 0.00000000099999999994 0.00000000099999999994 0.00000000099999999994 0.00000000099999999994 
0.00000000099999999986 0.00000000099999999986 0.00000000099999999986 0.00000000099999999986 0.99999999000000017180 0.00000000099999999986 0.00000000099999999986 0.00000000099999999986 0.00000000099999999986 0.00000000099999999986 0.00000000099999999986 
0.00000000099999999992 0.00000000099999999992 0.00000000099999999992 0.00000000099999999992 0.99999999000000006077 0.00000000099999999992 0.00000000099999999992 0.00000000099999999992 0.00000000099999999992 0.00000000099999999992 0.00000000099999999992 
0.00000000099999999986 0.00000000099999999986 0.00000000099999999986 0.00000000099999999986 0.99999999000000017180 0.00000000099999999986 0.00000000099999999986 0.00000000099999999986 0.00000000099999999986 0.00000000099999999986 0.00000000099999999986 
0.00000000099999999992 0.00000000099999999992 0.00000000099999999992 0.00000000099999999992 0.99999999000000017180 0.00000000099999999992 0.00000000099999999992 0.00000000099999999992 0.00000000099999999992 0.00000000099999999992 0.00000000099999999992 
0.00000000099999999995 0.00000000099999999995 0.00000000099999999995 0.00000000099999999995 0.99392323384855940649 0.00000043799217223055 0.00000071366483029319 0.00000000099999999995 0.00000000099999999995 0.00000000099999999995 0.00607560749443795001 
0.32591144874622762773 0.00000000099999999993 0.00000000099999999993 0.00000000099999999993 0.66865045137691236921 0.00543809187686000815 0.00000000099999999993 0.00000000099999999993 0.00000000099999999993 0.00000000099999999993 0.00000000099999999993 
0.00000000099999999987 0.00000000099999999987 0.00000000099999999987 0.00000000099999999987 0.99999999000000006077 0.00000000099999999987 0.00000000099999999987 0.00000000099999999987 0.00000000099999999987 0.00000000099999999987 0.00000000099999999987 
0.00000000099999999986 0.00000000099999999986 0.00000000099999999986 0.00000000099999999986 0.99999999000000017180 0.00000000099999999986 0.00000000099999999986 0.00000000099999999986 0.00000000099999999986 0.00000000099999999986 0.00000000099999999986 
0.00000000099999999988 0.00000000099999999988 0.00000000099999999988 0.00000000099999999988 0.99999999000000017180 0.00000000099999999988 0.00000000099999999988 0.00000000099999999988 0.00000000099999999988 0.00000000099999999988 0.00000000099999999988 
0.25140654332250517156 0.00000000099999999993 0.00000000099999999993 0.10019617654754231495 0.59642866610426270579 0.00000000099999999993 0.00000000099999999993 0.00000000099999999993 0.05196860702568983914 0.00000000099999999993 0.00000000099999999993 
0.00000000099999999995 0.00000000099999999995 0.00000000099999999995 0.00000000099999999995 0.94874880801450300893 0.05125118298549709295 0.00000000099999999995 0.00000000099999999995 0.00000000099999999995 0.00000000099999999995 0.00000000099999999995 
0.00000000099999999988 0.00000000099999999988 0.00000000099999999988 0.00000000099999999988 0.99999999000000006077 0.00000000099999999988 0.00000000099999999988 0.00000000099999999988 0.00000000099999999988 0.00000000099999999988 0.00000000099999999988 
0.00000000099999999990 0.00000000099999999990 0.00000000099999999990 0.00000000099999999990 0.99999999000000006077 0.00000000099999999990 0.00000000099999999990 0.00000000099999999990 0.00000000099999999990 0.00000000099999999990 0.00000000099999999990 
0.75457125733396557266 0.00000000099999999994 0.00000000099999999994 0.00000000099999999994 0.22688985173218265134 0.00000000099999999994 0.01853888293385193634 0.00000000099999999994 0.00000000099999999994 0.00000000099999999994 0.00000000099999999994 
0.83590146729708469930 0.00000000099999999997 0.01551247927333578892 0.00000000099999999997 0.10485317704560932761 0.03948728300606432068 0.00000000099999999997 0.00000000099999999997 0.00000000099999999997 0.00000000099999999997 0.00424558737790600542 
0.69069120411410422911 0.00000000099999999997 0.00000000099999999997 0.00981523116496464502 0.23692807084843522936 0.06256548687249600949 0.00000000099999999997 0.00000000099999999997 0.00000000099999999997 0.00000000099999999997 0.00000000099999999997 
0.97304108001480160706 0.00000000099999999994 0.00000000099999999994 0.00000000099999999994 0.00000000099999999994 0.00000000099999999994 0.00000000099999999994 0.00000000099999999994 0.01344884765801548053 0.00000000099999999994 0.01351006432718326010 
0.90695645702047333891 0.00000000099999999992 0.00000000099999999992 0.00000000099999999992 0.09304353397952688787 0.00000000099999999992 0.00000000099999999992 0.00000000099999999992 0.00000000099999999992 0.00000000099999999992 0.00000000099999999992 
0.81418047848049779347 0.00000000099999999993 0.00000000099999999993 0.00000000099999999993 0.16055414158852254758 0.00000000099999999993 0.00000000099999999993 0.00000000099999999993 0.02526537193097989215 0.00000000099999999993 0.00000000099999999993 
0.94032920832037847347 0.00000000099999999996 0.00000000099999999996 0.00000000099999999996 0.00000000099999999996 0.00546300775508998856 0.00000000099999999996 0.00000000099999999996 0.00176160914113461997 0.01746666361484161198 0.03497950516855560799 
0.66629174283286263236 0.00000000099999999998 0.00000000528016696581 0.00000000099999999998 0.27002718720302748556 0.00000000099999999998 0.00000000636849481682 0.00000000099999999998 0.04728816675449367540 0.01219721633127964638 0.00419567122967477030 
0.87335186879099124813 0.00000000099999999991 0.00000000099999999991 0.00000000099999999991 0.06203894445861268814 0.00000000099999999991 0.00000000099999999991 0.00000000099999999991 0.06460917875039627611 0.00000000099999999991 0.00000000099999999991 
0.94125204266169582024 0.00000000099999999994 0.00000000099999999994 0.00000000099999999994 0.00000000099999999994 0.00000000099999999994 0.00000000099999999994 0.00000000099999999994 0.05874794833830424695 0.00000000099999999994 0.00000000099999999994 
0.99963312224493594549 0.00000000099999999994 0.00036686875506419564 0.00000000099999999994 0.00000000099999999994 0.00000000099999999994 0.00000000099999999994 0.00000000099999999994 0.00000000099999999994 0.00000000099999999994 0.00000000099999999994 
0.99999999000000028282 0.00000000099999999985 0.00000000099999999985 0.00000000099999999985 0.00000000099999999985 0.00000000099999999985 0.00000000099999999985 0.00000000099999999985 0.00000000099999999985 0.00000000099999999985 0.00000000099999999985 
0.84698027315644086599 0.00000000099999999993 0.00000000099999999993 0.00000000099999999993 0.09248307032556721263 0.06053664851799211988 0.00000000099999999993 0.00000000099999999993 0.00000000099999999993 0.00000000099999999993 0.00000000099999999993 
0.79733097294085986118 0.00000000099999999991 0.00000000099999999991 0.00000000099999999991 0.10346324025208547548 0.00000000099999999991 0.00000000099999999991 0.00000000099999999991 0.09920577880705490348 0.00000000099999999991 0.00000000099999999991 
0.99999999000000017180 0.00000000099999999987 0.00000000099999999987 0.00000000099999999987 0.00000000099999999987 0.00000000099999999987 0.00000000099999999987 0.00000000099999999987 0.00000000099999999987 0.00000000099999999987 0.00000000099999999987 
0.88879686232770949150 0.00000000099999999992 0.00000000099999999992 0.00000000099999999992 0.04637295909995476501 0.00000000099999999992 0.04723037063836432736 0.00000000099999999992 0.00000000099999999992 0.00000000099999999992 0.01759980093397161410 
0.99999999000000017180 0.00000000099999999990 0.00000000099999999990 0.00000000099999999990 0.00000000099999999990 0.00000000099999999990 0.00000000099999999990 0.00000000099999999990 0.00000000099999999990 0.00000000099999999990 0.00000000099999999990 
0.72264738691720642461 0.00000000099999999993 0.00000000099999999993 0.00000000099999999993 0.25164527233416200680 0.00000000099999999993 0.00000000099999999993 0.00000000099999999993 0.02570733274863185036 0.00000000099999999993 0.00000000099999999993 
0.78820595350975819482 0.00663173636190062150 0.00000000099999999994 0.00000000099999999994 0.18513711619878267522 0.00000000099999999994 0.00000000099999999994 0.00000000099999999994 0.02002518692955854163 0.00000000099999999994 0.00000000099999999994 
0.67171784373586873595 0.00000000099999999997 0.00000000099999999997 0.00000000099999999997 0.19842888484889908973 0.00000000099999999997 0.03420412586850500591 0.00000000099999999997 0.09564913854672735249 0.00000000099999999997 0.00000000099999999997 
0.00000000099999999964 0.00000000099999999964 0.00000000099999999964 0.00000000099999999964 0.00000000099999999964 0.00000000099999999964 0.99999998999999994975 0.00000000099999999964 0.00000000099999999964 0.00000000099999999964 0.00000000099999999964 
0.00000000099999999966 0.00000000099999999966 0.00000000099999999966 0.00000000099999999966 0.00000000099999999966 0.00000000099999999966 0.99999998999999994975 0.00000000099999999966 0.00000000099999999966 0.00000000099999999966 0.00000000099999999966 
0.00000000099999999966 0.00000000099999999966 0.00000000099999999966 0.00000000099999999966 0.00000000099999999966 0.00000000099999999966 0.99999998999999994975 0.00000000099999999966 0.00000000099999999966 0.00000000099999999966 0.00000000099999999966 
0.00000000099999999970 0.00000000099999999970 0.00000000099999999970 0.00000000099999999970 0.00000000099999999970 0.00000000099999999970 0.99999998999999994975 0.00000000099999999970 0.00000000099999999970 0.00000000099999999970 0.00000000099999999970 
0.00000000099999999958 0.00000000099999999958 0.00000000099999999958 0.00000000099999999958 0.00000000099999999958 0.00000000099999999958 0.99999998999999994975 0.00000000099999999958 0.00000000099999999958 0.00000000099999999958 0.00000000099999999958 
0.00000000099999999962 0.00000000099999999962 0.00000000099999999962 0.00000000099999999962 0.00000000099999999962 0.00000000099999999962 0.99999999000000006077 0.00000000099999999962 0.00000000099999999962 0.00000000099999999962 0.00000000099999999962 
0.00000000099999999964 0.00000000099999999964 0.00000000099999999964 0.00000000099999999964 0.00000000099999999964 0.00000000099999999964 0.99999999000000006077 0.00000000099999999964 0.00000000099999999964 0.00000000099999999964 0.00000000099999999964 
0.00000000099999999982 0.00000000099999999982 0.00000000099999999982 0.00000000099999999982 0.00000000099999999982 0.00000000099999999982 0.99999998999999994975 0.00000000099999999982 0.00000000099999999982 0.00000000099999999982 0.00000000099999999982 
0.00000000099999999964 0.00000000099999999964 0.00000000099999999964 0.00000000099999999964 0.00000000099999999964 0.00000000099999999964 0.99999999000000006077 0.00000000099999999964 0.00000000099999999964 0.00000000099999999964 0.00000000099999999964 
0.00000000099999999987 0.00000000099999999987 0.00000000099999999987 0.00000000099999999987 0.00000000099999999987 0.04353950955131254824 0.95646048144868756058 0.00000000099999999987 0.00000000099999999987 0.00000000099999999987 0.00000000099999999987 
0.00000000099999999992 0.00000000099999999992 0.00000000099999999992 0.00479760298068685788 0.00000000099999999992 0.00000000099999999992 0.99520238801931315553 0.00000000099999999992 0.00000000099999999992 0.00000000099999999992 0.00000000099999999992 
0.00000000099999999978 0.00000000099999999978 0.00000000099999999978 0.00000000099999999978 0.00000000099999999978 0.00000000099999999978 0.99999998999999994975 0.00000000099999999978 0.00000000099999999978 0.00000000099999999978 0.00000000099999999978 
0.00000000099999999986 0.00000000099999999986 0.00000000099999999986 0.00000000099999999986 0.00000000099999999986 0.00000000099999999986 0.99999999000000006077 0.00000000099999999986 0.00000000099999999986 0.00000000099999999986 0.00000000099999999986 
0.93933255360112821730 0.02693761498602365717 0.00000000099999999996 0.00000000099999999996 0.00000000099999999996 0.00000000099999999996 0.00000000099999999996 0.00383730908858912314 0.00000000099999999996 0.00000000099999999996 0.02989251532425918692 
0.97084100407182905013 0.00000000099999999995 0.00000000099999999995 0.00000000099999999995 0.00000000099999999995 0.01078776118858811375 0.00000000099999999995 0.00000000099999999995 0.00000000099999999995 0.01837122673958303809 0.00000000099999999995 
0.98317172339092218092 0.00000000099999999995 0.00760042381193750446 0.00000000099999999995 0.00000000099999999995 0.00920851962792593355 0.00001932616921463034 0.00000000099999999995 0.00000000099999999995 0.00000000099999999995 0.00000000099999999995 
0.76900015393036580402 0.00000000099999999997 0.00000000099999999997 0.00000000099999999997 0.20693293604354251469 0.00018176109581126025 0.00000000099999999997 0.00000000099999999997 0.00000027040753365743 0.02388487252274684725 0.00000000099999999997 
0.81484766655699736315 0.00000000099999999995 0.00000000099999999995 0.02392152950242477580 0.00000000099999999995 0.02739782716754206315 0.06367922760069259780 0.02278523590998206283 0.00000000099999999995 0.04736850826236121970 0.00000000099999999995 
0.99999999000000028282 0.00000000099999999989 0.00000000099999999989 0.00000000099999999989 0.00000000099999999989 0.00000000099999999989 0.00000000099999999989 0.00000000099999999989 0.00000000099999999989 0.00000000099999999989 0.00000000099999999989 
0.70664000193428655461 0.00000047412816248856 0.00000000384825891163 0.00000000099999999999 0.23012051458381999058 0.00000000099999999999 0.00000000099999999999 0.05165504487798699279 0.00000000099999999999 0.00015121887481643211 0.01143273775266866361 
0.99467095117636250556 0.00000000099999999991 0.00000000099999999991 0.00000000099999999991 0.00000000099999999991 0.00000000099999999991 0.00532903982363764923 0.00000000099999999991 0.00000000099999999991 0.00000000099999999991 0.00000000099999999991 
0.80263066090129675523 0.00000000099999999994 0.00000000099999999994 0.00000000099999999994 0.16136738675149250866 0.00004367326893874249 0.03595827207827208966 0.00000000099999999994 0.00000000099999999994 0.00000000099999999994 0.00000000099999999994 
0.65225533064893115309 0.05905207927566662185 0.00000000099999999997 0.00018833273720673564 0.12211073054101094504 0.00000000099999999997 0.04009194072376004447 0.00000000099999999997 0.12630158107342465135 0.00000000099999999997 0.00000000099999999997 
0.90314121876925113064 0.00000000099999999990 0.00000000099999999990 0.00000000099999999990 0.09685877223074911002 0.00000000099999999990 0.00000000099999999990 0.00000000099999999990 0.00000000099999999990 0.00000000099999999990 0.00000000099999999990 
0.00000000099999999985 0.00000000099999999985 0.00000000099999999985 0.00000000099999999985 0.00000000099999999985 0.00000000099999999985 0.00000000099999999985 0.00000000099999999985 0.00000000099999999985 0.99999999000000006077 0.00000000099999999985 
0.00000000099999999977 0.00000000099999999977 0.00000000099999999977 0.00000000099999999977 0.00000000099999999977 0.00000000099999999977 0.00000000099999999977 0.00000000099999999977 0.00000000099999999977 0.99999998999999994975 0.00000000099999999977 
0.00000000099999999979 0.00000000099999999979 0.00000000099999999979 0.00000000099999999979 0.00000000099999999979 0.00000000099999999979 0.00000000099999999979 0.00000000099999999979 0.00000000099999999979 0.99999999000000006077 0.00000000099999999979 
0.00000000099999999982 0.00000000099999999982 0.00000000099999999982 0.00000000099999999982 0.00000000099999999982 0.00000000099999999982 0.00000000099999999982 0.00000000099999999982 0.00000000099999999982 0.99999999000000006077 0.00000000099999999982 
0.00000000099999999991 0.00000000099999999991 0.00000000099999999991 0.00000000099999999991 0.00000000099999999991 0.00000000099999999991 0.00000000099999999991 0.00000000099999999991 0.00000000099999999991 0.99999998999999994975 0.00000000099999999991 
0.00000000099999999976 0.00000000099999999976 0.00000000099999999976 0.00000000099999999976 0.00000000099999999976 0.00000000099999999976 0.00000000099999999976 0.00000000099999999976 0.00000000099999999976 0.99999999000000006077 0.00000000099999999976 
0.00000000099999999981 0.00000000099999999981 0.00000000099999999981 0.00000000099999999981 0.00000000099999999981 0.00000000099999999981 0.00000000099999999981 0.00000000099999999981 0.00000000099999999981 0.99999998999999994975 0.00000000099999999981 
0.00000000099999999993 0.03044215988351510818 0.00000000099999999993 0.00000000099999999993 0.00000000099999999993 0.00000000099999999993 0.00000000099999999993 0.09078123145295502461 0.00000000099999999993 0.87877660066352980550 0.00000000099999999993 
0.00000000099999999976 0.00000000099999999976 0.00000000099999999976 0.00000000099999999976 0.00000000099999999976 0.00000000099999999976 0.00000000099999999976 0.00000000099999999976 0.00000000099999999976 0.99999998999999994975 0.00000000099999999976 
0.00000000099999999984 0.00000000099999999984 0.00000000099999999984 0.00000000099999999984 0.00000000099999999984 0.00000000099999999984 0.00000000099999999984 0.00000000099999999984 0.00000000099999999984 0.99999999000000006077 0.00000000099999999984 
0.00000000099999999985 0.00000000099999999985 0.00000000099999999985 0.00000000099999999985 0.00000000099999999985 0.00000000099999999985 0.00000000099999999985 0.00000000099999999985 0.00000000099999999985 0.99999998999999994975 0.00000000099999999985 
0.00000000099999999991 0.05236560247002956109 0.00000000099999999991 0.00000000099999999991 0.00000000099999999991 0.00496738809420455788 0.00000000099999999991 0.00000000099999999991 0.00000000099999999991 0.94266700143576576121 0.00000000099999999991 
0.00000000099999999988 0.00000000099999999988 0.00000000099999999988 0.00000000099999999988 0.00000000099999999988 0.00000000099999999988 0.00000000099999999988 0.00000000099999999988 0.00000000099999999988 0.99999999000000006077 0.00000000099999999988 
0.00000000099999999974 0.00000000099999999974 0.00000000099999999974 0.00000000099999999974 0.00000000099999999974 0.00000000099999999974 0.00000000099999999974 0.00000000099999999974 0.00000000099999999974 0.99999998999999994975 0.00000000099999999974 
0.00000000099999999976 0.00000000099999999976 0.00000000099999999976 0.00000000099999999976 0.00000000099999999976 0.00000000099999999976 0.00000000099999999976 0.00000000099999999976 0.00000000099999999976 0.99999999000000006077 0.00000000099999999976 
0.00000000099999999978 0.00000000099999999978 0.00000000099999999978 0.00000000099999999978 0.00000000099999999978 0.00000000099999999978 0.00000000099999999978 0.00000000099999999978 0.00000000099999999978 0.99999999000000006077 0.00000000099999999978 
0.00000000099999999978 0.00000000099999999978 0.00000000099999999978 0.00000000099999999978 0.00000000099999999978 0.00000000099999999978 0.00000000099999999978 0.00000000099999999978 0.00000000099999999978 0.99999999000000006077 0.00000000099999999978 
0.00000000099999999976 0.00000000099999999976 0.00000000099999999976 0.00000000099999999976 0.00000000099999999976 0.99999999000000017180 0.00000000099999999976 0.00000000099999999976 0.00000000099999999976 0.00000000099999999976 0.00000000099999999976 
0.00000000099999999984 0.00000000099999999984 0.00000000099999999984 0.00000000099999999984 0.00000000099999999984 0.91627000094215760306 0.00000000099999999984 0.08372999005784237392 0.00000000099999999984 0.00000000099999999984 0.00000000099999999984 
0.00000000099999999995 0.00000000099999999995 0.00000000099999999995 0.00000000099999999995 0.00000000099999999995 0.50820763480341735185 0.00000000099999999995 0.43474483538448704945 0.00522745477672894188 0.05182006803536665096 0.00000000099999999995 
0.00000000099999999975 0.00000000099999999975 0.00000000099999999975 0.00000000099999999975 0.00000000099999999975 0.93143246520828337776 0.00000000099999999975 0.06856752579171676576 0.00000000099999999975 0.00000000099999999975 0.00000000099999999975 
0.00000000099999999983 0.00000000099999999983 0.00000000099999999983 0.00000000099999999983 0.00000000099999999983 0.99999999000000017180 0.00000000099999999983 0.00000000099999999983 0.00000000099999999983 0.00000000099999999983 0.00000000099999999983 
0.00000000099999999993 0.00000000099999999993 0.00000000099999999993 0.00000000099999999993 0.00000000099999999993 0.91376653358586867881 0.00000000099999999993 0.08623345741413142307 0.00000000099999999993 0.00000000099999999993 0.00000000099999999993 
0.00000000099999999984 0.00000000099999999984 0.00000000099999999984 0.00000000099999999984 0.00000000099999999984 0.87542934716312192922 0.00000000099999999984 0.12457064383687810327 0.00000000099999999984 0.00000000099999999984 0.00000000099999999984 
0.00000000099999999986 0.00000000099999999986 0.00000000099999999986 0.00000000099999999986 0.00000000099999999986 0.99999999000000017180 0.00000000099999999986 0.00000000099999999986 0.00000000099999999986 0.00000000099999999986 0.00000000099999999986 
0.00000000099999999986 0.00000000099999999986 0.00000000099999999986 0.00000000099999999986 0.00000000099999999986 0.99999999000000006077 0.00000000099999999986 0.00000000099999999986 0.00000000099999999986 0.00000000099999999986 0.00000000099999999986 
0.00000000099999999981 0.00000000099999999981 0.00000000099999999981 0.00000000099999999981 0.00000000099999999981 0.94912986155337220051 0.00000000099999999981 0.05087012944662790831 0.00000000099999999981 0.00000000099999999981 0.00000000099999999981 
0.00000000099999999977 0.00000000099999999977 0.00000000099999999977 0.00000000099999999977 0.00000000099999999977 0.99999999000000006077 0.00000000099999999977 0.00000000099999999977 0.00000000099999999977 0.00000000099999999977 0.00000000099999999977 
0.00000000099999999987 0.00504664592433844757 0.00000000099999999987 0.00000000099999999987 0.00000000099999999987 0.78158900496996630558 0.00000000099999999987 0.21336434110569527101 0.00000000099999999987 0.00000000099999999987 0.00000000099999999987 
0.00000000099999999992 0.00000000099999999992 0.00000000099999999992 0.00000000099999999992 0.00000000099999999992 0.56051190169276454700 0.00000000099999999992 0.41022957122534320362 0.00000000099999999992 0.00000000099999999992 0.02925851908189221889 
0.00000000099999999988 0.00000000099999999988 0.00000000099999999988 0.00000000099999999988 0.00000000099999999988 0.73538854129023700779 0.01050821658556074824 0.25410323412420232625 0.00000000099999999988 0.00000000099999999988 0.00000000099999999988 
0.00000000099999999990 0.00000000099999999990 0.00000000099999999990 0.00000000099999999990 0.00000000099999999990 0.70701564084290935419 0.00000000099999999990 0.24800987456204354187 0.04480099346106696662 0.00017348413398021262 0.00000000099999999990 
0.00000000099999999981 0.00000000099999999981 0.00000000099999999981 0.00000000099999999981 0.00000000099999999981 0.99999999000000017180 0.00000000099999999981 0.00000000099999999981 0.00000000099999999981 0.00000000099999999981 0.00000000099999999981 
0.00000000099999999986 0.00000000099999999986 0.00000000099999999986 0.00000000099999999986 0.00000000099999999986 0.98086357600470308604 0.00000000099999999986 0.00000000099999999986 0.00000000099999999986 0.01913641499529713033 0.00000000099999999986 
0.00000000099999999985 0.00000000099999999985 0.00000000099999999985 0.00000000099999999985 0.00000000099999999985 0.94859700121452461552 0.00000000099999999985 0.05140298978547540310 0.00000000099999999985 0.00000000099999999985 0.00000000099999999985 
0.00000000099999999983 0.00000000099999999983 0.00000000099999999983 0.00000000099999999983 0.00000000099999999983 0.99999999000000017180 0.00000000099999999983 0.00000000099999999983 0.00000000099999999983 0.00000000099999999983 0.00000000099999999983 
0.00000000099999999983 0.00000000099999999983 0.00000000099999999983 0.00000000099999999983 0.00000000099999999983 0.99999999000000017180 0.00000000099999999983 0.00000000099999999983 0.00000000099999999983 0.00000000099999999983 0.00000000099999999983 
0.00000000099999999988 0.00000000099999999988 0.00000000099999999988 0.00000000099999999988 0.00000000099999999988 0.77977681307474699945 0.00000000099999999988 0.22022317792525314406 0.00000000099999999988 0.00000000099999999988 0.00000000099999999988 
0.00000000099999999990 0.00000001080068127983 0.00000000099999999990 0.00000000099999999990 0.00000000099999999990 0.97018706271076204928 0.00000000099999999990 0.02981291848855675136 0.00000000099999999990 0.00000000099999999990 0.00000000099999999990 
0.00000000099999999982 0.00000000099999999982 0.00000000099999999982 0.00000000099999999982 0.00000000099999999982 0.92141738335003431359 0.00000000099999999982 0.07858260764996581604 0.00000000099999999982 0.00000000099999999982 0.00000000099999999982 
0.00000000099999999980 0.00000000099999999980 0.00000000099999999980 0.00000000099999999980 0.00000000099999999980 0.89352145882214073502 0.00000000099999999980 0.10647853217785932523 0.00000000099999999980 0.00000000099999999980 0.00000000099999999980 
0.00000000099999999979 0.00000000099999999979 0.00000000099999999979 0.00000000099999999979 0.00000000099999999979 0.97003259117200146822 0.00000000099999999979 0.02996739982799863367 0.00000000099999999979 0.00000000099999999979 0.00000000099999999979 
0.00000000099999999995 0.00000000099999999995 0.00000000099999999995 0.00000004663146159923 0.00000000099999999995 0.84585335975784947671 0.00000000099999999995 0.15414658561068900200 0.00000000099999999995 0.00000000099999999995 0.00000000099999999995 
0.00000000099999999978 0.00000000099999999978 0.00000000099999999978 0.00000000099999999978 0.00000000099999999978 0.99999999000000017180 0.00000000099999999978 0.00000000099999999978 0.00000000099999999978 0.00000000099999999978 0.00000000099999999978 
0.00000000099999999989 0.00000000099999999989 0.00000000099999999989 0.00000000099999999989 0.00000000099999999989 0.96034364293088714248 0.00000000099999999989 0.03965634806911289001 0.00000000099999999989 0.00000000099999999989 0.00000000099999999989 
0.00000000099999999977 0.00000000099999999977 0.00000000099999999977 0.00000000099999999977 0.00000000099999999977 0.80172158166386031652 0.00000000099999999977 0.19827840933613966046 0.00000000099999999977 0.00000000099999999977 0.00000000099999999977 
0.00000000099999999989 0.00000000099999999989 0.00000000099999999989 0.00000000099999999989 0.00000000099999999989 0.99999999000000017180 0.00000000099999999989 0.00000000099999999989 0.00000000099999999989 0.00000000099999999989 0.00000000099999999989 
0.00000000099999999979 0.00000000099999999979 0.00000000099999999979 0.99999999000000017180 0.00000000099999999979 0.00000000099999999979 0.00000000099999999979 0.00000000099999999979 0.00000000099999999979 0.00000000099999999979 0.00000000099999999979 
0.00000000099999999995 0.00000000099999999995 0.00000000099999999995 0.90083900270478134420 0.00000000099999999995 0.00542174768790090311 0.01885199498502884013 0.07488724762228896048 0.00000000099999999995 0.00000000099999999995 0.00000000099999999995 
0.00000000099999999980 0.00000000099999999980 0.00000000099999999980 0.99999999000000006077 0.00000000099999999980 0.00000000099999999980 0.00000000099999999980 0.00000000099999999980 0.00000000099999999980 0.00000000099999999980 0.00000000099999999980 
0.00000000099999999981 0.00000000099999999981 0.00000000099999999981 0.99999999000000006077 0.00000000099999999981 0.00000000099999999981 0.00000000099999999981 0.00000000099999999981 0.00000000099999999981 0.00000000099999999981 0.00000000099999999981 
0.00000000099999999991 0.00000000099999999991 0.00000000099999999991 0.99999999000000006077 0.00000000099999999991 0.00000000099999999991 0.00000000099999999991 0.00000000099999999991 0.00000000099999999991 0.00000000099999999991 0.00000000099999999991 
0.00000000099999999985 0.00000000099999999985 0.00000000099999999985 0.99999999000000017180 0.00000000099999999985 0.00000000099999999985 0.00000000099999999985 0.00000000099999999985 0.00000000099999999985 0.00000000099999999985 0.00000000099999999985 
0.00000000099999999985 0.00000000099999999985 0.00000000099999999985 0.99999999000000006077 0.00000000099999999985 0.00000000099999999985 0.00000000099999999985 0.00000000099999999985 0.00000000099999999985 0.00000000099999999985 0.00000000099999999985 
0.00000000099999999982 0.00000000099999999982 0.00000000099999999982 0.99999999000000006077 0.00000000099999999982 0.00000000099999999982 0.00000000099999999982 0.00000000099999999982 0.00000000099999999982 0.00000000099999999982 0.00000000099999999982 
0.00000000099999999992 0.00000000099999999992 0.00000000099999999992 0.99999999000000017180 0.00000000099999999992 0.00000000099999999992 0.00000000099999999992 0.00000000099999999992 0.00000000099999999992 0.00000000099999999992 0.00000000099999999992 
0.00000000099999999987 0.00000000099999999987 0.00000000099999999987 0.99999999000000017180 0.00000000099999999987 0.00000000099999999987 0.00000000099999999987 0.00000000099999999987 0.00000000099999999987 0.00000000099999999987 0.00000000099999999987 
0.00000000099999999973 0.00000000099999999973 0.00000000099999999973 0.99999999000000017180 0.00000000099999999973 0.00000000099999999973 0.00000000099999999973 0.00000000099999999973 0.00000000099999999973 0.00000000099999999973 0.00000000099999999973 
0.00000000099999999989 0.00000000099999999989 0.00000000099999999989 0.99613189832368209675 0.00000000099999999989 0.00000000099999999989 0.00000000099999999989 0.00000000099999999989 0.00000000099999999989 0.00386809267631795265 0.00000000099999999989 
0.00000000099999999982 0.00000000099999999982 0.99999999000000017180 0.00000000099999999982 0.00000000099999999982 0.00000000099999999982 0.00000000099999999982 0.00000000099999999982 0.00000000099999999982 0.00000000099999999982 0.00000000099999999982 
0.00000000099999999958 0.00000000099999999958 0.99999999000000017180 0.00000000099999999958 0.00000000099999999958 0.00000000099999999958 0.00000000099999999958 0.00000000099999999958 0.00000000099999999958 0.00000000099999999958 0.00000000099999999958 
0.00000000099999999957 0.00000000099999999957 0.99999999000000006077 0.00000000099999999957 0.00000000099999999957 0.00000000099999999957 0.00000000099999999957 0.00000000099999999957 0.00000000099999999957 0.00000000099999999957 0.00000000099999999957 
0.00000000099999999967 0.00000000099999999967 0.99999999000000017180 0.00000000099999999967 0.00000000099999999967 0.00000000099999999967 0.00000000099999999967 0.00000000099999999967 0.00000000099999999967 0.00000000099999999967 0.00000000099999999967 
0.00000000099999999962 0.00000000099999999962 0.99999999000000017180 0.00000000099999999962 0.00000000099999999962 0.00000000099999999962 0.00000000099999999962 0.00000000099999999962 0.00000000099999999962 0.00000000099999999962 0.00000000099999999962 
0.00000000099999999978 0.00000000099999999978 0.99999999000000017180 0.00000000099999999978 0.00000000099999999978 0.00000000099999999978 0.00000000099999999978 0.00000000099999999978 0.00000000099999999978 0.00000000099999999978 0.00000000099999999978 
0.00000000099999999969 0.00000000099999999969 0.99999999000000017180 0.00000000099999999969 0.00000000099999999969 0.00000000099999999969 0.00000000099999999969 0.00000000099999999969 0.00000000099999999969 0.00000000099999999969 0.00000000099999999969 
0.00000000099999999946 0.00000000099999999946 0.99999999000000017180 0.00000000099999999946 0.00000000099999999946 0.00000000099999999946 0.00000000099999999946 0.00000000099999999946 0.00000000099999999946 0.00000000099999999946 0.00000000099999999946 
0.00000000099999999966 0.00000000099999999966 0.99999999000000006077 0.00000000099999999966 0.00000000099999999966 0.00000000099999999966 0.00000000099999999966 0.00000000099999999966 0.00000000099999999966 0.00000000099999999966 0.00000000099999999966 
0.00000000099999999973 0.00000000099999999973 0.99999999000000017180 0.00000000099999999973 0.00000000099999999973 0.00000000099999999973 0.00000000099999999973 0.00000000099999999973 0.00000000099999999973 0.00000000099999999973 0.00000000099999999973 
0.00000000099999999987 0.00000000099999999987 0.99999999000000006077 0.00000000099999999987 0.00000000099999999987 0.00000000099999999987 0.00000000099999999987 0.00000000099999999987 0.00000000099999999987 0.00000000099999999987 0.00000000099999999987 
0.00000000099999999956 0.00000000099999999956 0.99999999000000017180 0.00000000099999999956 0.00000000099999999956 0.00000000099999999956 0.00000000099999999956 0.00000000099999999956 0.00000000099999999956 0.00000000099999999956 0.00000000099999999956 
0.00000000099999999977 0.99999999000000017180 0.00000000099999999977 0.00000000099999999977 0.00000000099999999977 0.00000000099999999977 0.00000000099999999977 0.00000000099999999977 0.00000000099999999977 0.00000000099999999977 0.00000000099999999977 
0.00000000099999999974 0.99999999000000017180 0.00000000099999999974 0.00000000099999999974 0.00000000099999999974 0.00000000099999999974 0.00000000099999999974 0.00000000099999999974 0.00000000099999999974 0.00000000099999999974 0.00000000099999999974 
0.00000000099999999977 0.99999999000000017180 0.00000000099999999977 0.00000000099999999977 0.00000000099999999977 0.00000000099999999977 0.00000000099999999977 0.00000000099999999977 0.00000000099999999977 0.00000000099999999977 0.00000000099999999977 
0.00000000099999999980 0.99999999000000028282 0.00000000099999999980 0.00000000099999999980 0.00000000099999999980 0.00000000099999999980 0.00000000099999999980 0.00000000099999999980 0.00000000099999999980 0.00000000099999999980 0.00000000099999999980 
0.00000000099999999968 0.99999999000000028282 0.00000000099999999968 0.00000000099999999968 0.00000000099999999968 0.00000000099999999968 0.00000000099999999968 0.00000000099999999968 0.00000000099999999968 0.00000000099999999968 0.00000000099999999968 
0.00000000099999999980 0.99999999000000017180 0.00000000099999999980 0.00000000099999999980 0.00000000099999999980 0.00000000099999999980 0.00000000099999999980 0.00000000099999999980 0.00000000099999999980 0.00000000099999999980 0.00000000099999999980 
0.00000000099999999981 0.99999999000000017180 0.00000000099999999981 0.00000000099999999981 0.00000000099999999981 0.00000000099999999981 0.00000000099999999981 0.00000000099999999981 0.00000000099999999981 0.00000000099999999981 0.00000000099999999981 
0.00000000099999999985 0.99999999000000017180 0.00000000099999999985 0.00000000099999999985 0.00000000099999999985 0.00000000099999999985 0.00000000099999999985 0.00000000099999999985 0.00000000099999999985 0.00000000099999999985 0.00000000099999999985 
0.00000000099999999970 0.99999999000000017180 0.00000000099999999970 0.00000000099999999970 0.00000000099999999970 0.00000000099999999970 0.00000000099999999970 0.00000000099999999970 0.00000000099999999970 0.00000000099999999970 0.00000000099999999970 
0.00000000099999999976 0.99999999000000017180 0.00000000099999999976 0.00000000099999999976 0.00000000099999999976 0.00000000099999999976 0.00000000099999999976 0.00000000099999999976 0.00000000099999999976 0.00000000099999999976 0.00000000099999999976 
0.00000000099999999981 0.99999999000000017180 0.00000000099999999981 0.00000000099999999981 0.00000000099999999981 0.00000000099999999981 0.00000000099999999981 0.00000000099999999981 0.00000000099999999981 0.00000000099999999981 0.00000000099999999981 
0.00000000099999999981 0.99999999000000017180 0.00000000099999999981 0.00000000099999999981 0.00000000099999999981 0.00000000099999999981 0.00000000099999999981 0.00000000099999999981 0.00000000099999999981 0.00000000099999999981 0.00000000099999999981 
0.00000000099999999981 0.99999999000000028282 0.00000000099999999981 0.00000000099999999981 0.00000000099999999981 0.00000000099999999981 0.00000000099999999981 0.00000000099999999981 0.00000000099999999981 0.00000000099999999981 0.00000000099999999981 
0.00000000099999999983 0.00000000099999999983 0.00000000099999999983 0.00000000099999999983 0.00000000099999999983 0.06559449680778130232 0.00000000099999999983 0.93440549419221874405 0.00000000099999999983 0.00000000099999999983 0.00000000099999999983 
