0.99999999400000005867 0.00000000099999999975 0.00000000099999999975 0.00000000099999999975 0.00000000099999999975 0.00000000099999999975 0.00000000099999999975 
0.99999999400000016969 0.00000000099999999984 0.00000000099999999984 0.00000000099999999984 0.00000000099999999984 0.00000000099999999984 0.00000000099999999984 
0.99999999400000005867 0.00000000099999999981 0.00000000099999999981 0.00000000099999999981 0.00000000099999999981 0.00000000099999999981 0.00000000099999999981 
0.99999999400000005867 0.00000000099999999978 0.00000000099999999978 0.00000000099999999978 0.00000000099999999978 0.00000000099999999978 0.00000000099999999978 
0.99999999400000005867 0.00000000099999999988 0.00000000099999999988 0.00000000099999999988 0.00000000099999999988 0.00000000099999999988 0.00000000099999999988 
0.99999999400000005867 0.00000000099999999974 0.00000000099999999974 0.00000000099999999974 0.00000000099999999974 0.00000000099999999974 0.00000000099999999974 
0.99999999400000005867 0.00000000099999999978 0.00000000099999999978 0.00000000099999999978 0.00000000099999999978 0.00000000099999999978 0.00000000099999999978 
0.99999999400000005867 0.00000000099999999974 0.00000000099999999974 0.00000000099999999974 0.00000000099999999974 0.00000000099999999974 0.00000000099999999974 
0.99999999400000005867 0.00000000099999999973 0.00000000099999999973 0.00000000099999999973 0.00000000099999999973 0.00000000099999999973 0.00000000099999999973 
0.99999999400000005867 0.00000000099999999986 0.00000000099999999986 0.00000000099999999986 0.00000000099999999986 0.00000000099999999986 0.00000000099999999986 
0.00032632520251490565 0.00000000099999999997 0.01880147362853020962 0.98087219716895490684 0.00000000099999999997 0.00000000099999999997 0.00000000099999999997 
0.00000000099999999991 0.00000000099999999991 0.00000000099999999991 0.99999999400000005867 0.00000000099999999991 0.00000000099999999991 0.00000000099999999991 
0.00921129941763910477 0.00000000099999999998 0.00000000150081576454 0.97202514594892819311 0.01876355013261692822 0.00000000099999999998 0.00000000099999999998 
0.02084053165915312339 0.00000000099999999995 0.00000000099999999995 0.97915946334084680291 0.00000000099999999995 0.00000000099999999995 0.00000000099999999995 
0.00000000099999999996 0.00486372713577263530 0.00000000099999999996 0.99513626786422726411 0.00000000099999999996 0.00000000099999999996 0.00000000099999999996 
0.00995000576385698943 0.00000000099999999994 0.00000000099999999994 0.99004998923614306872 0.00000000099999999994 0.00000000099999999994 0.00000000099999999994 
0.00550892472531489333 0.01879677946294285029 0.00000000099999999997 0.97569429181174227583 0.00000000099999999997 0.00000000099999999997 0.00000000099999999997 
0.00000000099999999995 0.00000000099999999995 0.00000000099999999995 0.99999999400000005867 0.00000000099999999995 0.00000000099999999995 0.00000000099999999995 
0.00000000099999999996 0.00000000099999999996 0.00000000099999999996 0.99999999400000005867 0.00000000099999999996 0.00000000099999999996 0.00000000099999999996 
0.02750714728828402428 0.00024479605170821429 0.01059656021020057882 0.96165149344980727086 0.00000000099999999999 0.00000000099999999999 0.00000000099999999999 
0.00000000099999999996 0.00000000099999999996 0.00000000099999999996 0.99999999400000005867 0.00000000099999999996 0.00000000099999999996 0.00000000099999999996 
0.00000000099999999996 0.00060748651283850773 0.00000000099999999996 0.99810497954218979633 0.00128752994497173230 0.00000000099999999996 0.00000000099999999996 
0.00000000099999999992 0.00000000099999999992 0.00000000099999999992 0.99999999400000005867 0.00000000099999999992 0.00000000099999999992 0.00000000099999999992 
0.00000000099999999994 0.00000000099999999994 0.00000000099999999994 0.99999999399999994765 0.00000000099999999994 0.00000000099999999994 0.00000000099999999994 
0.00000000099999999996 0.00000000099999999996 0.00000000099999999996 0.87794004484899401675 0.11443622556134255830 0.00762372558966331604 0.00000000099999999996 
0.00000000099999999998 0.01986376565500976021 0.02893835491182716879 0.93499622308680552241 0.00000000099999999998 0.01620165334635750853 0.00000000099999999998 
0.00157767699352667681 0.00000000099999999996 0.00000000099999999996 0.99842174639609482245 0.00000057261037846301 0.00000000099999999996 0.00000000099999999996 
0.00000000099999999996 0.00000000099999999996 0.00000000099999999996 0.98558857100647789817 0.00000000099999999996 0.01441142399352207670 0.00000000099999999996 
0.00000000099999999996 0.02901474620861247550 0.00000000099999999996 0.96671415118839776337 0.00000000099999999996 0.00000000099999999996 0.00427109860298986212 
0.00000000099999999998 0.00000000099999999998 0.04191758987394218067 0.93716783144784943094 0.00000000099999999998 0.02091457467820845295 0.00000000099999999998 
0.00000000099999999997 0.00000000099999999997 0.06527182565525226077 0.93074349076186568830 0.00000000099999999997 0.00000000099999999997 0.00398467958288215539 
0.02039191275688687771 0.00909278020816441795 0.00000000099999999998 0.97051530303494870644 0.00000000099999999998 0.00000000099999999998 0.00000000099999999998 
0.00000000099999999995 0.00030897297959355370 0.00000000099999999995 0.99969102202040649452 0.00000000099999999995 0.00000000099999999995 0.00000000099999999995 
0.00000000099999999996 0.00000000099999999996 0.00000000099999999996 0.99999999399999994765 0.00000000099999999996 0.00000000099999999996 0.00000000099999999996 
0.04715472189657714946 0.00000000099999999998 0.00000000099999999998 0.89758886590836917119 0.00000000099999999998 0.00000000099999999998 0.05525640819505378554 
0.03073787178543805482 0.01265778313897619051 0.00000000099999999999 0.90992067170219681493 0.00000000099999999999 0.01513996566418402204 0.03154370570920497774 
0.00041596354879946701 0.00000000099999999998 0.00000000099999999998 0.99834693833035792476 0.00123709412084266009 0.00000000099999999998 0.00000000099999999998 
0.04007721754353548577 0.00111447536264743202 0.00000000099999999999 0.94816637454069174762 0.01064192955312531254 0.00000000099999999999 0.00000000099999999999 
0.00000003718566796464 0.00000000099999999998 0.00938741518710501169 0.96818748740995963509 0.00000000099999999998 0.02242505721726744186 0.00000000099999999998 
0.00000000099999999993 0.00000000099999999993 0.00000000099999999993 0.99999999400000005867 0.00000000099999999993 0.00000000099999999993 0.00000000099999999993 
0.00000000099999999997 0.00000000099999999997 0.04802035690513167115 0.95196509773302473434 0.00000000099999999997 0.00000000099999999997 0.00001454136184358122 
0.02479136197651931814 0.00000000099999999997 0.01269149473579966186 0.95438337415301921496 0.00813376613466181876 0.00000000099999999997 0.00000000099999999997 
0.00000000099999999994 0.02028823465603833004 0.00000000099999999994 0.97971176034396167953 0.00000000099999999994 0.00000000099999999994 0.00000000099999999994 
0.02128121088560685700 0.04448308871651225627 0.00000000099999999996 0.93423569639788095476 0.00000000099999999996 0.00000000099999999996 0.00000000099999999996 
0.00000000099999999998 0.00000000921538575683 0.00031459191913444750 0.99968539486547991491 0.00000000099999999998 0.00000000099999999998 0.00000000099999999998 
0.00000000099999999996 0.00000000099999999996 0.00000000099999999996 0.97850473009457172857 0.00000000099999999996 0.02149526490542816304 0.00000000099999999996 
0.00000000099999999996 0.00000000099999999996 0.00000000099999999996 0.97730537267198669404 0.02269462232801336757 0.00000000099999999996 0.00000000099999999996 
0.02021747118521135395 0.03601306127679761160 0.00494708580644994539 0.90419006830096626537 0.01413750032480622608 0.00051903566782622438 0.01997577743794239774 
0.00000000099999999978 0.99999999400000016969 0.00000000099999999978 0.00000000099999999978 0.00000000099999999978 0.00000000099999999978 0.00000000099999999978 
0.00000000099999999979 0.99999999400000016969 0.00000000099999999979 0.00000000099999999979 0.00000000099999999979 0.00000000099999999979 0.00000000099999999979 
0.00000000099999999980 0.99999999400000016969 0.00000000099999999980 0.00000000099999999980 0.00000000099999999980 0.00000000099999999980 0.00000000099999999980 
0.00000000099999999981 0.99999999400000005867 0.00000000099999999981 0.00000000099999999981 0.00000000099999999981 0.00000000099999999981 0.00000000099999999981 
0.00000000099999999975 0.99999999400000016969 0.00000000099999999975 0.00000000099999999975 0.00000000099999999975 0.00000000099999999975 0.00000000099999999975 
0.00000000099999999977 0.99999999400000005867 0.00000000099999999977 0.00000000099999999977 0.00000000099999999977 0.00000000099999999977 0.00000000099999999977 
0.00000000099999999978 0.99999999400000005867 0.00000000099999999978 0.00000000099999999978 0.00000000099999999978 0.00000000099999999978 0.00000000099999999978 
0.00000000099999999989 0.99999999400000016969 0.00000000099999999989 0.00000000099999999989 0.00000000099999999989 0.00000000099999999989 0.00000000099999999989 
0.00000000099999999978 0.99999999400000016969 0.00000000099999999978 0.00000000099999999978 0.00000000099999999978 0.00000000099999999978 0.00000000099999999978 
0.00000000099999999993 0.99355891894286696431 0.00644107605713314327 0.00000000099999999993 0.00000000099999999993 0.00000000099999999993 0.00000000099999999993 
0.00000000099999999996 0.99999999400000005867 0.00000000099999999996 0.00000000099999999996 0.00000000099999999996 0.00000000099999999996 0.00000000099999999996 
0.00000000099999999987 0.99999999400000005867 0.00000000099999999987 0.00000000099999999987 0.00000000099999999987 0.00000000099999999987 0.00000000099999999987 
0.00000000099999999991 0.99999999400000005867 0.00000000099999999991 0.00000000099999999991 0.00000000099999999991 0.00000000099999999991 0.00000000099999999991 
0.04603642085183966975 0.00000000099999999998 0.00005235355696334535 0.93052494047377276587 0.00000000099999999998 0.00000000099999999998 0.02338628211742421054 
0.00000000099999999997 0.01421473624962975996 0.00000000099999999997 0.94714517547862331348 0.00000000099999999997 0.00000000099999999997 0.03864008427174690785 
0.00000000099999999998 0.02013886724148385848 0.00000004372314389900 0.92305514310059633143 0.00000000099999999998 0.03468264630362635076 0.02212329763114965347 
0.00000000099999999998 0.00000000099999999998 0.00000000099999999998 0.95844187213847198414 0.00000000099999999998 0.00000000099999999998 0.04155812286152793522 
0.00000000099999999997 0.07699158669179913261 0.06521007140570662941 0.78348231366836407208 0.00000000099999999997 0.00000000099999999997 0.07431602523413030625 
0.00701065366238047809 0.00000000099999999998 0.00000000099999999998 0.97289123497318152900 0.00000000099999999998 0.00000000562600972718 0.02009810273842836323 
0.03516299755065429439 0.00252489755063799648 0.00733884126978889915 0.90552398729487482143 0.00000000100000000000 0.01511277673973627708 0.03433649859430772805 
0.00000000099999999996 0.03342497751348296603 0.00000000099999999996 0.96657501748651719620 0.00000000099999999996 0.00000000099999999996 0.00000000099999999996 
0.00000000099999999997 0.04182324654782235834 0.00331114205634276421 0.95486560739583492552 0.00000000099999999997 0.00000000099999999997 0.00000000099999999997 
0.01902251442115417135 0.05129382128196687679 0.00000000099999999999 0.77955425518342535973 0.14105615475988800278 0.00907325235356567714 0.00000000099999999999 
0.00000000099999999994 0.00000000099999999994 0.00000000099999999994 0.99999999400000005867 0.00000000099999999994 0.00000000099999999994 0.00000000099999999994 
0.00000000099999999991 0.00000000099999999991 0.00000000099999999991 0.00000000099999999991 0.00000000099999999991 0.00000000099999999991 0.99999999399999994765 
0.00000000099999999985 0.00000000099999999985 0.00000000099999999985 0.00000000099999999985 0.00000000099999999985 0.00000000099999999985 0.99999999400000005867 
0.00000000099999999988 0.00000000099999999988 0.00000000099999999988 0.00000000099999999988 0.00000000099999999988 0.00000000099999999988 0.99999999400000005867 
0.00000000099999999989 0.00000000099999999989 0.00000000099999999989 0.00000000099999999989 0.00000000099999999989 0.00000000099999999989 0.99999999399999994765 
0.00000000099999999995 0.00000000099999999995 0.00000000099999999995 0.00000000099999999995 0.00000000099999999995 0.00000000099999999995 0.99999999399999994765 
0.00000000099999999985 0.00000000099999999985 0.00000000099999999985 0.00000000099999999985 0.00000000099999999985 0.00000000099999999985 0.99999999399999994765 
0.00000000099999999989 0.00000000099999999989 0.00000000099999999989 0.00000000099999999989 0.00000000099999999989 0.00000000099999999989 0.99999999400000005867 
0.00884147381561197106 0.00000000099999999998 0.02251367693527463187 0.00000000099999999998 0.06310118917091032953 0.00000000099999999998 0.90554365707820305698 
0.00000000099999999985 0.00000000099999999985 0.00000000099999999985 0.00000000099999999985 0.00000000099999999985 0.00000000099999999985 0.99999999399999994765 
0.00000000099999999990 0.00000000099999999990 0.00000000099999999990 0.00000000099999999990 0.00000000099999999990 0.00000000099999999990 0.99999999400000005867 
0.00000000099999999991 0.00000000099999999991 0.00000000099999999991 0.00000000099999999991 0.00000000099999999991 0.00000000099999999991 0.99999999399999994765 
0.00000000099999999994 0.00000000099999999994 0.00000000099999999994 0.00000000099999999994 0.04717279053462565541 0.00000000099999999994 0.95282720446537427783 
0.00000000099999999992 0.00000000099999999992 0.00000000099999999992 0.00000000099999999992 0.00000000099999999992 0.00000000099999999992 0.99999999400000005867 
0.00000000099999999984 0.00000000099999999984 0.00000000099999999984 0.00000000099999999984 0.00000000099999999984 0.00000000099999999984 0.99999999400000005867 
0.00000000099999999985 0.00000000099999999985 0.00000000099999999985 0.00000000099999999985 0.00000000099999999985 0.00000000099999999985 0.99999999399999994765 
0.00000000099999999986 0.00000000099999999986 0.00000000099999999986 0.00000000099999999986 0.00000000099999999986 0.00000000099999999986 0.99999999399999994765 
0.00000000099999999985 0.00000000099999999985 0.00000000099999999985 0.00000000099999999985 0.00000000099999999985 0.00000000099999999985 0.99999999400000005867 
0.00000000099999999987 0.00000000099999999987 0.99999999400000005867 0.00000000099999999987 0.00000000099999999987 0.00000000099999999987 0.00000000099999999987 
0.00000000099999999989 0.00000000099999999989 0.99999999399999994765 0.00000000099999999989 0.00000000099999999989 0.00000000099999999989 0.00000000099999999989 
0.05934641337232306191 0.00000000099999999997 0.88936444661349023377 0.00000000099999999997 0.00000000099999999997 0.00000000099999999997 0.05128913601418685908 
0.00000000099999999982 0.00000000099999999982 0.99999999399999994765 0.00000000099999999982 0.00000000099999999982 0.00000000099999999982 0.00000000099999999982 
0.00000000099999999992 0.00000000099999999992 0.99999999400000005867 0.00000000099999999992 0.00000000099999999992 0.00000000099999999992 0.00000000099999999992 
0.00000000099999999995 0.00000000099999999995 0.98398422232948601351 0.00000000099999999995 0.00000000099999999995 0.00000000099999999995 0.01601577267051399606 
0.00000000099999999988 0.00000000099999999988 0.99999999399999994765 0.00000000099999999988 0.00000000099999999988 0.00000000099999999988 0.00000000099999999988 
0.00000000099999999993 0.01069585078081894056 0.98930414421918100309 0.00000000099999999993 0.00000000099999999993 0.00000000099999999993 0.00000000099999999993 
0.00000000099999999992 0.00000000099999999992 0.97351924686672386411 0.02648074813327621832 0.00000000099999999992 0.00000000099999999992 0.00000000099999999992 
0.00000000099999999986 0.00000000099999999986 0.98948390047662271307 0.00000000099999999986 0.00000000099999999986 0.00000000099999999986 0.01051609452337719242 
0.00000000099999999989 0.00000000099999999989 0.99999999400000005867 0.00000000099999999989 0.00000000099999999989 0.00000000099999999989 0.00000000099999999989 
0.00000000099999999992 0.00000000099999999992 0.99999999399999994765 0.00000000099999999992 0.00000000099999999992 0.00000000099999999992 0.00000000099999999992 
0.06297598064094271642 0.00000000099999999995 0.93702401435905746663 0.00000000099999999995 0.00000000099999999995 0.00000000099999999995 0.00000000099999999995 
0.00000000099999999993 0.01035349578311824809 0.98964649921688174761 0.00000000099999999993 0.00000000099999999993 0.00000000099999999993 0.00000000099999999993 
0.00000000099999999996 0.00846618148496725877 0.93995619836058075247 0.00000000099999999996 0.01160645759597137873 0.00000000099999999996 0.03997115955848058733 
0.00000000099999999989 0.00000000099999999989 0.99999999399999994765 0.00000000099999999989 0.00000000099999999989 0.00000000099999999989 0.00000000099999999989 
0.00000000099999999991 0.00000000099999999991 0.95372825330615973449 0.00000000099999999991 0.00000000099999999991 0.00000000099999999991 0.04627174169384035834 
0.00000000099999999988 0.00000000099999999988 0.99999999399999994765 0.00000000099999999988 0.00000000099999999988 0.00000000099999999988 0.00000000099999999988 
0.00000000099999999988 0.00000000099999999988 0.99999999400000005867 0.00000000099999999988 0.00000000099999999988 0.00000000099999999988 0.00000000099999999988 
0.00000000099999999989 0.00000000099999999989 0.99999999399999994765 0.00000000099999999989 0.00000000099999999989 0.00000000099999999989 0.00000000099999999989 
0.01506590565591158816 0.00000000099999999994 0.98493408934408843702 0.00000000099999999994 0.00000000099999999994 0.00000000099999999994 0.00000000099999999994 
0.00000000099999999993 0.00033796847059882842 0.99966202652940128193 0.00000000099999999993 0.00000000099999999993 0.00000000099999999993 0.00000000099999999993 
0.00000000099999999988 0.00000000099999999988 0.99999999399999994765 0.00000000099999999988 0.00000000099999999988 0.00000000099999999988 0.00000000099999999988 
0.00000000099999999987 0.00000000099999999987 0.99999999399999994765 0.00000000099999999987 0.00000000099999999987 0.00000000099999999987 0.00000000099999999987 
0.00000000099999999984 0.00000000099999999984 0.99999999399999994765 0.00000000099999999984 0.00000000099999999984 0.00000000099999999984 0.00000000099999999984 
0.00000000099999999995 0.00000000099999999995 0.96520673903295794993 0.03479325596704216372 0.00000000099999999995 0.00000000099999999995 0.00000000099999999995 
0.00000000099999999985 0.00000000099999999985 0.99999999400000005867 0.00000000099999999985 0.00000000099999999985 0.00000000099999999985 0.00000000099999999985 
0.00000000099999999995 0.00000000099999999995 0.99084919450548436526 0.00013291208475332521 0.00000000099999999995 0.00000000099999999995 0.00901788940976229123 
0.00000000099999999985 0.00000000099999999985 0.99999999400000005867 0.00000000099999999985 0.00000000099999999985 0.00000000099999999985 0.00000000099999999985 
0.00000000099999999992 0.00000000099999999992 0.99999999399999994765 0.00000000099999999992 0.00000000099999999992 0.00000000099999999992 0.00000000099999999992 
0.01333770443702819199 0.00000000099999999997 0.04232279353221924528 0.11993458274601519198 0.82440491628473733243 0.00000000099999999997 0.00000000099999999997 
0.01121902587200504509 0.06609436633493204205 0.12452699391689182884 0.08540381888893892881 0.67459367624684030140 0.00000000100000000000 0.03816211774039191679 
0.00000000099999999997 0.00000000099999999997 0.11571892121858733116 0.11540219075116685266 0.68372432699659368982 0.00000000099999999997 0.08515455803365215570 
0.02428183707946334965 0.04072528328225217403 0.06498201894995490890 0.06100604560579137720 0.74518355667356617200 0.00000000099999999999 0.06382125740897211241 
0.01924870606665820064 0.03282940031216553117 0.06910227888014659758 0.16584280233506928925 0.70496771282862835672 0.00000000099999999998 0.00800909857733214485 
0.00000000099999999998 0.00000000099999999998 0.08409064468212547327 0.10038703150857584967 0.76148490519226441631 0.00000000099999999998 0.05403741561703425539 
0.00000000099999999998 0.04879467378691799972 0.03108819882132540097 0.14530480894985473017 0.71664365378239658355 0.00000000099999999998 0.05816866265950528664 
0.02119211514340623229 0.00000000099999999998 0.10647385302842379828 0.12108450263596408358 0.70023278853832604529 0.00000000099999999998 0.05101673865387981732 
0.01504013324191746763 0.02582456238481035254 0.08228845301444737137 0.18354673647138661230 0.61477131968209808299 0.00000000099999999999 0.07852879420534017441 
0.04726823720285772135 0.00000000099999999999 0.10267046563271904625 0.14983671971012252344 0.62521801288866152291 0.00000000099999999999 0.07500656256563936752 
0.00000000099999999998 0.00000006663301142461 0.06485920890870428002 0.09063880394171189292 0.80791361216378942967 0.00000000099999999998 0.03658830635278292887 
0.00000000099999999997 0.00000000099999999997 0.00345111554201624118 0.16565506751716252420 0.69071520826321930464 0.00000000099999999997 0.14017860567760204171 
0.00000000099999999989 0.00000000099999999989 0.00000000099999999989 0.00000000099999999989 0.00000000099999999989 0.99999999399999994765 0.00000000099999999989 
0.00000000099999999974 0.00000000099999999974 0.00000000099999999974 0.00000000099999999974 0.00000000099999999974 0.99999999399999994765 0.00000000099999999974 
0.00000000099999999974 0.00000000099999999974 0.00000000099999999974 0.00000000099999999974 0.00000000099999999974 0.99999999400000005867 0.00000000099999999974 
0.00000000099999999980 0.00000000099999999980 0.00000000099999999980 0.00000000099999999980 0.00000000099999999980 0.99999999400000005867 0.00000000099999999980 
0.00000000099999999978 0.00000000099999999978 0.00000000099999999978 0.00000000099999999978 0.00000000099999999978 0.99999999400000005867 0.00000000099999999978 
0.00000000099999999987 0.00000000099999999987 0.00000000099999999987 0.00000000099999999987 0.00000000099999999987 0.99999999399999994765 0.00000000099999999987 
0.00000000099999999981 0.00000000099999999981 0.00000000099999999981 0.00000000099999999981 0.00000000099999999981 0.99999999399999994765 0.00000000099999999981 
0.00000000099999999968 0.00000000099999999968 0.00000000099999999968 0.00000000099999999968 0.00000000099999999968 0.99999999400000005867 0.00000000099999999968 
0.00000000099999999980 0.00000000099999999980 0.00000000099999999980 0.00000000099999999980 0.00000000099999999980 0.99999999400000005867 0.00000000099999999980 
0.00000000099999999984 0.00000000099999999984 0.00000000099999999984 0.00000000099999999984 0.00000000099999999984 0.99999999399999994765 0.00000000099999999984 
0.00000000099999999992 0.00000000099999999992 0.00000000099999999992 0.00000000099999999992 0.00000000099999999992 0.99999999400000005867 0.00000000099999999992 
0.00000000099999999974 0.00000000099999999974 0.00000000099999999974 0.00000000099999999974 0.00000000099999999974 0.99999999400000005867 0.00000000099999999974 
0.00000000099999999989 0.00000000099999999989 0.00000000099999999989 0.00000000099999999989 0.99999999400000005867 0.00000000099999999989 0.00000000099999999989 
0.00000000099999999985 0.00000000099999999985 0.00000000099999999985 0.00000000099999999985 0.99999999400000005867 0.00000000099999999985 0.00000000099999999985 
0.00000000099999999986 0.00000000099999999986 0.00000000099999999986 0.00000000099999999986 0.99999999400000005867 0.00000000099999999986 0.00000000099999999986 
0.00000000099999999993 0.00000000099999999993 0.00000000099999999993 0.00000000099999999993 0.99999999399999994765 0.00000000099999999993 0.00000000099999999993 
0.00000000099999999984 0.00000000099999999984 0.00000000099999999984 0.00000000099999999984 0.99999999399999994765 0.00000000099999999984 0.00000000099999999984 
0.00000000099999999996 0.00000000099999999996 0.00000000099999999996 0.00000000099999999996 0.97662320787138512390 0.00000000534147675380 0.02337678278713811383 
0.00000000099999999989 0.00000000099999999989 0.00000000099999999989 0.00000000099999999989 0.99999999399999994765 0.00000000099999999989 0.00000000099999999989 
0.00000000099999999993 0.00000000099999999993 0.00000000099999999993 0.00000000099999999993 0.96555762492150787324 0.03444237007849219878 0.00000000099999999993 
0.00000000099999999990 0.00000000099999999990 0.00000000099999999990 0.00000000099999999990 0.99999999400000005867 0.00000000099999999990 0.00000000099999999990 
0.00000000099999999988 0.00000000099999999988 0.00000000099999999988 0.00000000099999999988 0.99999999400000005867 0.00000000099999999988 0.00000000099999999988 
0.00000000099999999993 0.00000000099999999993 0.00000000099999999993 0.00000000099999999993 0.99235054673557565597 0.00764944826442432238 0.00000000099999999993 
0.00000000099999999991 0.00000000099999999991 0.00000000099999999991 0.00000000099999999991 0.97536811077328555708 0.02463188422671446637 0.00000000099999999991 
0.00000000099999999991 0.00000000099999999991 0.00000000099999999991 0.00000000099999999991 0.99999999399999994765 0.00000000099999999991 0.00000000099999999991 
0.13439179520719371497 0.00000000099999999992 0.86560819979280623215 0.00000000099999999992 0.00000000099999999992 0.00000000099999999992 0.00000000099999999992 
0.13174651406121229424 0.00000000099999999993 0.76846971484022297272 0.00000000099999999993 0.09978376709856486004 0.00000000099999999993 0.00000000099999999993 
0.11491280871095825578 0.00000000099999999989 0.88508718628904192727 0.00000000099999999989 0.00000000099999999989 0.00000000099999999989 0.00000000099999999989 
0.10937726346128151533 0.00000000099999999991 0.89062273153871862608 0.00000000099999999991 0.00000000099999999991 0.00000000099999999991 0.00000000099999999991 
0.14062392101375154052 0.00000000099999999990 0.79778639223702285665 0.00000000099999999990 0.06158968274922558411 0.00000000099999999990 0.00000000099999999990 
0.14613802846274628888 0.00000000099999999992 0.85386196653725388028 0.00000000099999999992 0.00000000099999999992 0.00000000099999999992 0.00000000099999999992 
0.07551788693959776699 0.00000000099999999996 0.92448210806040231891 0.00000000099999999996 0.00000000099999999996 0.00000000099999999996 0.00000000099999999996 
0.13562313091288508149 0.00000000099999999996 0.82225397902322849841 0.00000000099999999996 0.04212288606388648465 0.00000000099999999996 0.00000000099999999996 
0.17656311169827862417 0.00000000099999999990 0.82343688330172148948 0.00000000099999999990 0.00000000099999999990 0.00000000099999999990 0.00000000099999999990 
0.17076968818912854897 0.00000000099999999993 0.79984995591144247840 0.00000000099999999993 0.02938035189942905800 0.00000000099999999993 0.00000000099999999993 
0.12335912704792222072 0.00000000099999999992 0.85962256094768618730 0.00000000099999999992 0.01701830800439161837 0.00000000099999999992 0.00000000099999999992 
0.14035701009959819507 0.00000000099999999991 0.85964298490040191858 0.00000000099999999991 0.00000000099999999991 0.00000000099999999991 0.00000000099999999991 
0.12939750871511945807 0.00000000099999999996 0.85582561140678437006 0.00000000099999999996 0.00000000099999999996 0.01477687587809618959 0.00000000099999999996 
0.07668968953842041081 0.00000000099999999989 0.90406413891197257016 0.00000000099999999989 0.01924616754960706624 0.00000000099999999989 0.00000000099999999989 
0.14620571486837946606 0.00000000099999999995 0.84895644483360155341 0.00000000099999999995 0.00000000099999999995 0.00483783629801906589 0.00000000099999999995 
0.08871311419482122429 0.00000000099999999994 0.83838854666136719551 0.00000000099999999994 0.07289833514381174884 0.00000000099999999994 0.00000000099999999994 
0.14070920219798294104 0.00000000099999999993 0.84622053995581347774 0.00000000099999999993 0.01307025384620357118 0.00000000099999999993 0.00000000099999999993 
0.13083282512261321107 0.00000000099999999991 0.84219845074195365253 0.00000000099999999991 0.02696872013543316279 0.00000000099999999991 0.00000000099999999991 
0.10436855655979190849 0.00000000099999999993 0.87001580637850162159 0.00000000099999999993 0.02561563306170648591 0.00000000099999999993 0.00000000099999999993 
0.16667116709957560672 0.00000707389757210606 0.00000000100000000000 0.05002718695035359570 0.76440414487280761158 0.00055704124974469301 0.01833338492994637109 
0.08813141662638962481 0.00000000099999999999 0.02135688808629879892 0.29101574514219147316 0.58731319011853344580 0.00000000099999999999 0.01218275802658655253 
0.15804018872918351724 0.02891846434372821739 0.03864381495269622602 0.00000000099999999999 0.73202171444778707521 0.00000000099999999999 0.04237581552660510398 
0.18276191550935269592 0.00331708640289688893 0.09865408491791648193 0.00000000099999999998 0.71526691016983390270 0.00000000099999999998 0.00000000099999999998 
0.12150776138793834003 0.00000000099999999999 0.03268706400892171932 0.04434446904951317575 0.65957665781649477132 0.05930210818313099569 0.08258193855400100536 
0.15789644982895165159 0.00000000099999999998 0.06377994882377797936 0.09064527019191032098 0.65962917589464542534 0.00000000099999999998 0.02804915326071462725 
0.15210681100856987547 0.03114378607475585398 0.03766650632348343686 0.07357345420698885308 0.69423825324169763373 0.00423378580996434765 0.00703740333454005561 
0.14502539249591894777 0.00000000099999999999 0.05202324987809265472 0.02008326903674201649 0.68577833709290603181 0.06899373523032058253 0.02809601526601976720 
0.17924373320183939473 0.00000000099999999998 0.02034993185688074510 0.10895958849083502151 0.69144674345044487840 0.00000000099999999998 0.00000000099999999998 
0.14542532746262476495 0.00000000100000000000 0.10001231600294144264 0.07637478190961489999 0.58775790614637524190 0.02737583951464631765 0.06305382796379732646 
0.12837812054123085015 0.00000000099999999999 0.00000000099999999999 0.11480676763718458688 0.72554853576281685967 0.03126657305876770487 0.00000000099999999999 
0.18654966172535381030 0.00000000420624990740 0.08826727452178718958 0.01108246610385133293 0.68179297890242962499 0.03230761354032806593 0.00000000100000000000 
0.16571891528280860428 0.00000000099999999999 0.14540008864755646356 0.00000000099999999999 0.66075688902835860716 0.02812410404127644453 0.00000000099999999999 
0.00000000099999999998 0.04533929833798922698 0.04553058600477691287 0.47240254213268323413 0.34716445357258468585 0.08956311795196580938 0.00000000099999999998 
