0.00000000100000000000 0.14522773943843950151 0.85477225956156055453 
0.00000000100000000000 0.11024988000815535982 0.88975011899184475173 
0.00000000099999999999 0.00000001196981563865 0.99999998703018433410 
0.00000000100000000000 0.07754215192331431750 0.92245784707668565527 
0.00000000099999999999 0.12682847655738216375 0.87317152244261786453 
0.00000000099999999999 0.09520206047160853502 0.90479793852839152102 
0.00000000099999999999 0.14220007254682950903 0.85779992645317049149 
0.00000000099999999999 0.06264826659266668762 0.93735173240733327127 
0.00000000099999999999 0.11538260067532266073 0.88461739832467722877 
0.00000000099999999999 0.15289205713007308907 0.84710794186992688370 
0.99968883204632708050 0.00031116695367279431 0.00000000099999999999 
0.99999999800000005656 0.00000000099999999997 0.00000000099999999997 
0.98835814929548893026 0.01164184970451115006 0.00000000100000000000 
0.99999999799999994554 0.00000000099999999998 0.00000000099999999998 
0.99999999799999994554 0.00000000099999999999 0.00000000099999999999 
0.99999999799999994554 0.00000000099999999998 0.00000000099999999998 
0.99999999800000005656 0.00000000099999999998 0.00000000099999999998 
0.99999999800000005656 0.00000000099999999998 0.00000000099999999998 
0.99999999799999994554 0.00000000099999999998 0.00000000099999999998 
0.98128872099098773951 0.01871127800901215693 0.00000000100000000000 
0.99999999800000005656 0.00000000099999999999 0.00000000099999999999 
0.99999999800000005656 0.00000000099999999998 0.00000000099999999998 
0.99999999800000005656 0.00000000099999999997 0.00000000099999999997 
0.99999999800000005656 0.00000000099999999997 0.00000000099999999997 
0.90656438657430638006 0.00017152905449503583 0.09326408437119865225 
0.97836397709547961998 0.02163602190452024870 0.00000000099999999999 
0.98583794097607546636 0.00000000099999999999 0.01416205802392467988 
0.99999999799999994554 0.00000000099999999999 0.00000000099999999999 
0.99999999800000005656 0.00000000099999999999 0.00000000099999999999 
0.95075652684970979323 0.04813998418010057706 0.00110348897018962755 
0.93419035171574005272 0.06580964728425992005 0.00000000099999999999 
0.99999999800000005656 0.00000000099999999999 0.00000000099999999999 
0.99999999799999994554 0.00000000099999999998 0.00000000099999999998 
0.99999999800000005656 0.00000000099999999999 0.00000000099999999999 
0.98239741394860335966 0.01760258505139660964 0.00000000100000000000 
0.95482064614163641991 0.00000000099999999999 0.04517935285836360837 
0.99999999799999994554 0.00000000099999999999 0.00000000099999999999 
0.98621450027293100504 0.00000000100000000000 0.01378549872706912732 
0.96504971377458503845 0.03466307175387592365 0.00028721447153900093 
0.99999999799999994554 0.00000000099999999998 0.00000000099999999998 
0.95916626771698421106 0.04083373128301583804 0.00000000099999999999 
0.95975456947759096860 0.04019537919647019758 0.00005005132593886072 
0.99999999799999994554 0.00000000099999999998 0.00000000099999999998 
0.99999999799999994554 0.00000000099999999998 0.00000000099999999998 
0.99665528904330069615 0.00334470995669922068 0.00000000100000000000 
0.99999999799999994554 0.00000000099999999999 0.00000000099999999999 
0.99992545142974587069 0.00000000100000000000 0.00007454757025413982 
0.95068236535357653061 0.04109030621751147416 0.00822732842891206635 
0.99753979542235238220 0.00000000100000000000 0.00246020357764756628 
0.98972952439903161270 0.00000000100000000000 0.01027047460096837221 
0.99999999799999994554 0.00000000099999999999 0.00000000099999999999 
0.99999999800000005656 0.00000000099999999997 0.00000000099999999997 
0.91418232629147477830 0.08581767270852513896 0.00000000100000000000 
0.98192000527980227709 0.01807999372019763670 0.00000000100000000000 
0.99999999800000005656 0.00000000099999999998 0.00000000099999999998 
0.99999765123371231468 0.00000000099999999999 0.00000234776628763012 
0.99999999799999994554 0.00000000099999999999 0.00000000099999999999 
0.90508861370969484472 0.09067419922823787004 0.00423718706206713605 
0.90648640394197077530 0.03650352467168003351 0.05701007138634917731 
0.97502080197070184475 0.01869099555459986794 0.00628820247469833414 
0.96636277396377057158 0.03363722503622932486 0.00000000100000000000 
0.94279999747267906329 0.02969478057807289906 0.02750522194924796826 
0.99999999799999994554 0.00000000099999999998 0.00000000099999999998 
0.99870274486512278234 0.00129725413487724638 0.00000000100000000000 
0.98429669303576738937 0.01570330596423261116 0.00000000100000000000 
0.90703595699638783767 0.09296404200361217673 0.00000000099999999999 
0.99999748429236645642 0.00000251470763361206 0.00000000100000000000 
0.96420324974948234953 0.02233272466888465771 0.01346402558163289562 
0.99999999800000005656 0.00000000099999999998 0.00000000099999999998 
0.99617353380124973317 0.00382646519875021662 0.00000000099999999999 
0.86093474452815055287 0.00011641938472559236 0.13894883608712385592 
0.99999999799999994554 0.00000000099999999999 0.00000000099999999999 
0.31852331988041637789 0.16707777320369177065 0.51439890691589196248 
0.35062787359048203095 0.13274235578024221049 0.51662977062927584182 
0.31456712507452516681 0.07721387795754977579 0.60821899696792502965 
0.28222562527711392288 0.17225292043098630601 0.54552145429189979886 
0.32125038418086387937 0.12974130857204649314 0.54900830724708959973 
0.31277912385259393213 0.14256069837602916572 0.54466017777137687439 
0.29275107919631365716 0.16154534081364349540 0.54570357999004281968 
0.32165967622989566355 0.16602303215259858749 0.51231729161750583224 
0.30492720273565132594 0.14174649007802761491 0.55332630718632103139 
0.38035114699659644533 0.05492017892531706608 0.56472867407808646778 
0.35339045650030859180 0.10298061411563803891 0.54362892938405338317 
0.25716706655514798285 0.14951474795632746506 0.59331818548852455208 
0.33993409605269558904 0.11435032661956956446 0.54571557732773490201 
0.28338526690245546824 0.16712722708990032650 0.54948750600764417751 
0.35238855067915214603 0.06978633612421435151 0.57782511319663343308 
0.36155214127904161669 0.09294954579274750106 0.54549831292821093776 
0.31096289474692645483 0.16944570046359491711 0.51959140478947862807 
0.00000000099999999995 0.99999999800000005656 0.00000000099999999995 
0.00000000099999999996 0.99999999800000005656 0.00000000099999999996 
0.00000000100000000000 0.96528420169835216225 0.03471579730164780359 
0.00000000099999999993 0.99999999800000005656 0.00000000099999999993 
0.00000000099999999997 0.99999999799999994554 0.00000000099999999997 
0.00000000099999999998 0.99999999799999994554 0.00000000099999999998 
0.00000000099999999995 0.99999999800000005656 0.00000000099999999995 
0.00000001416573551744 0.99999998483426455476 0.00000000099999999998 
0.00004024077259508966 0.99995975822740490457 0.00000000099999999998 
0.00000000099999999995 0.99999999799999994554 0.00000000099999999995 
0.00000000099999999996 0.99999999800000005656 0.00000000099999999996 
0.00000000099999999996 0.99999999799999994554 0.00000000099999999996 
0.00000000099999999999 0.99785580268165274820 0.00214419631834718120 
0.00000000099999999997 0.99999999799999994554 0.00000000099999999997 
0.00000000099999999999 0.99999999799999994554 0.00000000099999999999 
0.00000000099999999996 0.99999999799999994554 0.00000000099999999996 
0.00044373833653359981 0.99955626066346647818 0.00000000099999999998 
0.00000000099999999996 0.99999999800000005656 0.00000000099999999996 
0.00000000099999999995 0.99999999799999994554 0.00000000099999999995 
0.00000000099999999996 0.99999999800000005656 0.00000000099999999996 
0.00000000099999999997 0.99999999799999994554 0.00000000099999999997 
0.00000000099999999997 0.99999999800000005656 0.00000000099999999997 
0.00000000099999999995 0.99999999799999994554 0.00000000099999999995 
0.00000000099999999995 0.99999999800000005656 0.00000000099999999995 
0.00000000099999999994 0.99999999800000005656 0.00000000099999999994 
0.02893852614580983210 0.97106147285419019966 0.00000000099999999998 
0.00000000099999999995 0.99999999800000005656 0.00000000099999999995 
0.00000000099999999998 0.99999999799999994554 0.00000000099999999998 
0.00000000099999999994 0.99999999799999994554 0.00000000099999999994 
0.00000000099999999996 0.99999999800000005656 0.00000000099999999996 
0.13863075063807403509 0.09519890334742445170 0.76617034601450151321 
0.20480675740256865103 0.16727149761430493147 0.62792174498312636199 
0.23349487565241033860 0.18391466371802334123 0.58259046062956632017 
0.17689905375824765965 0.11721379219868933996 0.70588715404306301426 
0.27132373428201794763 0.14253067052959664252 0.58614559518838538210 
0.20560603929304571702 0.13518055648677276825 0.65921340422018148697 
0.26660835544541144904 0.09645208474262355336 0.63693955981196492822 
0.21258123058148142848 0.15788993151389860148 0.62952883790461999780 
0.30442572504522363852 0.13627739193122070938 0.55929688302355562435 
0.18836107595659498659 0.17015033614363869741 0.64148858789976637151 
0.15410620497759253134 0.14114964341856689467 0.70474415160384062951 
0.31253172650999061499 0.06680202592350129032 0.62066624756650812245 
0.00000000099999999996 0.00000000099999999996 0.99999999800000005656 
0.00000000099999999995 0.00000000099999999995 0.99999999800000005656 
0.00000000099999999996 0.00000000099999999996 0.99999999799999994554 
0.00000000099999999996 0.00000000099999999996 0.99999999800000005656 
0.00000000099999999995 0.00000000099999999995 0.99999999800000005656 
0.00000000099999999996 0.00000000099999999996 0.99999999800000005656 
0.00000000099999999999 0.00000000099999999999 0.99999999799999994554 
0.00000000099999999995 0.00000000099999999995 0.99999999799999994554 
0.00000000099999999995 0.00000000099999999995 0.99999999799999994554 
0.00000000099999999996 0.00000000099999999996 0.99999999800000005656 
0.03090166165982085461 0.00000000099999999999 0.96909833734017925000 
0.00000000099999999995 0.00000000099999999995 0.99999999800000005656 
0.00000000099999999999 0.00781362384294920047 0.99218637515705065955 
0.00000000099999999997 0.00000000099999999997 0.99999999800000005656 
0.00000000099999999998 0.00000000099999999998 0.99999999800000005656 
0.00000000099999999999 0.00000000099999999999 0.99999999799999994554 
0.00000000099999999999 0.01315272504189435657 0.98684727395810567518 
0.00000000099999999999 0.00000000099999999999 0.99999999800000005656 
0.00000000099999999999 0.00000000099999999999 0.99999999799999994554 
0.00000000100000000000 0.01090204935704003515 0.98909794964296005038 
0.00000000099999999999 0.00000000099999999999 0.99999999800000005656 
0.00000000099999999998 0.00000000099999999998 0.99999999799999994554 
0.00000000099999999999 0.00000000360579326041 0.99999999539420669770 
0.00000000099999999998 0.00000000099999999998 0.99999999799999994554 
0.00000000099999999998 0.00000000099999999998 0.99999999800000005656 
0.00000000099999999998 0.97017882244454967111 0.02982117655545048207 
0.00000000099999999998 0.87702393340643358677 0.12297606559356652478 
0.00000000099999999997 0.99999999799999994554 0.00000000099999999997 
0.00000000099999999997 0.99999999800000005656 0.00000000099999999997 
0.00000000099999999997 0.90440705555373945845 0.09559294344626069473 
0.00000000099999999998 0.98384049996059441678 0.01615949903940560803 
0.00000000099999999999 0.99999998372926623968 0.00000001527073380168 
0.00000000099999999998 0.91476919583120663848 0.08523080316879329266 
0.00000000099999999998 0.99483029307324122303 0.00516970592675874627 
0.00000000099999999998 0.91277230775647399952 0.08722769124352591774 
0.00000000099999999998 0.97308625917008428896 0.02691373982991568381 
0.00000000099999999997 0.96731225717477242743 0.03268774182522760086 
0.00000000099999999999 0.94280614438212073658 0.05719385461787934721 
0.00000000099999999997 0.99999999799999994554 0.00000000099999999997 
0.00000000099999999998 0.94903065369890593495 0.05096934530109416273 
0.00000000099999999999 0.98144926950339206329 0.01855072949660787479 
0.00000000099999999999 0.95650353919646047274 0.04349645980353956248 
0.00000000099999999997 0.93237213449379507946 0.06762786450620494882 
0.00000000099999999998 0.96057993755455794993 0.03942006144544202284 
0.09870052645677789005 0.06973591797215239474 0.83156355557106975684 
0.32751713446957325671 0.07536717058277205006 0.59711569494765470711 
0.12225058968247320967 0.10142310910912638588 0.77632630120840051546 
0.05716120413804332695 0.16022942173507720431 0.78260937412687936465 
0.10908057137607217457 0.09822844246797389489 0.79269098615595401380 
0.18034864082398716079 0.13707887237239835265 0.68257248680361459758 
0.16094680033238131789 0.11213932193571257701 0.72691387773190607735 
0.06814043219414051000 0.10660351742726881241 0.82525605037859073310 
0.16091355404817717090 0.10253167940933301250 0.73655476654248985824 
0.12260228947983117798 0.17590435487131822478 0.70149335564885062499 
0.17171471053889716951 0.05088901798110892494 0.77739627147999401657 
0.07310588875727631886 0.15610750793273658887 0.77078660330998716166 
0.05893586749964781907 0.19897518969817121204 0.74208894280218107298 
