0.00000000099999999972 0.00000000099999999972 0.00000000099999999972 0.00000000099999999972 0.99999999299999997593 0.00000000099999999972 0.00000000099999999972 0.00000000099999999972 
0.00000000099999999983 0.00000000099999999983 0.00000000099999999983 0.00000000099999999983 0.99999999299999997593 0.00000000099999999983 0.00000000099999999983 0.00000000099999999983 
0.00000000099999999979 0.00000000099999999979 0.00000000099999999979 0.00000000099999999979 0.99999999300000008695 0.00000000099999999979 0.00000000099999999979 0.00000000099999999979 
0.00000000099999999974 0.00000000099999999974 0.00000000099999999974 0.00000000099999999974 0.99999999299999997593 0.00000000099999999974 0.00000000099999999974 0.00000000099999999974 
0.00000000099999999987 0.00000000099999999987 0.00000000099999999987 0.00000000099999999987 0.99999999300000008695 0.00000000099999999987 0.00000000099999999987 0.00000000099999999987 
0.00000000099999999971 0.00000000099999999971 0.00000000099999999971 0.00000000099999999971 0.99999999299999997593 0.00000000099999999971 0.00000000099999999971 0.00000000099999999971 
0.00000000099999999975 0.00000000099999999975 0.00000000099999999975 0.00000000099999999975 0.99999999300000008695 0.00000000099999999975 0.00000000099999999975 0.00000000099999999975 
0.00000000099999999970 0.00000000099999999970 0.00000000099999999970 0.00000000099999999970 0.99999999299999997593 0.00000000099999999970 0.00000000099999999970 0.00000000099999999970 
0.00000000099999999968 0.00000000099999999968 0.00000000099999999968 0.00000000099999999968 0.99999999300000008695 0.00000000099999999968 0.00000000099999999968 0.00000000099999999968 
0.00000000099999999983 0.00000000099999999983 0.00000000099999999983 0.00000000099999999983 0.99999999300000008695 0.00000000099999999983 0.00000000099999999983 0.00000000099999999983 
0.00000000099999999997 0.00000000099999999997 0.00000000099999999997 0.00000000099999999997 0.00000000946938749958 0.98077818657473525565 0.01922179895587710491 0.00000000099999999997 
0.00000000099999999990 0.00000000099999999990 0.00000000099999999990 0.00000000099999999990 0.00000000099999999990 0.99999999299999997593 0.00000000099999999990 0.00000000099999999990 
0.00000000099999999997 0.00000000099999999997 0.00000000099999999997 0.00000000099999999997 0.00017543667852203568 0.95406208224539379437 0.00000000099999999997 0.04576247607608423251 
0.00000000099999999995 0.00000000099999999995 0.00000000099999999995 0.00000000099999999995 0.02243508370639438892 0.97756491029360548239 0.00000000099999999995 0.00000000099999999995 
0.00000000099999999996 0.00374351033888406948 0.00000000099999999996 0.00000000099999999996 0.00000000099999999996 0.99625648366111585474 0.00000000099999999996 0.00000000099999999996 
0.00000000099999999994 0.00000000099999999994 0.00000000099999999994 0.00000000099999999994 0.00962412005191314208 0.99037587394808690444 0.00000000099999999994 0.00000000099999999994 
0.00000000099999999997 0.02509614231016258495 0.00000000099999999997 0.00000000099999999997 0.00461201072210759306 0.97029174365602444130 0.00000000099999999997 0.00000009931170543928 
0.00497473521554483381 0.00000000099999999995 0.00000000099999999995 0.00000000099999999995 0.00000000099999999995 0.99502525878445513552 0.00000000099999999995 0.00000000099999999995 
0.00000000099999999995 0.00000000099999999995 0.00000000099999999995 0.00000000099999999995 0.00000000099999999995 0.99999999299999997593 0.00000000099999999995 0.00000000099999999995 
0.00000000099999999998 0.00203920434868908821 0.00000000099999999998 0.00000000099999999998 0.03085213156484628572 0.95552310672823248527 0.01158555335823213683 0.00000000099999999998 
0.00000000099999999996 0.00000000099999999996 0.00000000099999999996 0.00000000099999999996 0.00000000099999999996 0.99999999299999997593 0.00000000099999999996 0.00000000099999999996 
0.00000000099999999996 0.00001347035127856716 0.00000000099999999996 0.00000000099999999996 0.00000000099999999996 0.99145152993113361273 0.00000000099999999996 0.00853499471758795494 
0.00000000099999999992 0.00000000099999999992 0.00000000099999999992 0.00000000099999999992 0.00000000099999999992 0.99999999299999997593 0.00000000099999999992 0.00000000099999999992 
0.00000000099999999994 0.00000000099999999994 0.00000000099999999994 0.00000000099999999994 0.00000000099999999994 0.99999999299999997593 0.00000000099999999994 0.00000000099999999994 
0.00000000099999999995 0.00000000099999999995 0.00000000099999999995 0.00000314683982384989 0.00000000099999999995 0.86335304010872737646 0.00000000099999999995 0.13664380805144882292 
0.00010316157885338173 0.02160472156322370066 0.00000000099999999998 0.01670238208626873694 0.00000000099999999998 0.93148739568994387561 0.03010233608171018066 0.00000000099999999998 
0.02847705896265903883 0.00000000099999999993 0.00000000099999999993 0.00000000099999999993 0.00000000099999999993 0.97152293503734088453 0.00000000099999999993 0.00000000099999999993 
0.00000000099999999996 0.00000000099999999996 0.00000000099999999996 0.01465598794941425954 0.00000000099999999996 0.98534400605058569678 0.00000000099999999996 0.00000000099999999996 
0.00005530545751509894 0.02890360934671500417 0.00683880049489433203 0.00000000099999999996 0.00000000099999999996 0.96420228070087554695 0.00000000099999999996 0.00000000099999999996 
0.00000000099999999998 0.00000000099999999998 0.00000000099999999998 0.02188312871625472736 0.00000000099999999998 0.93394787124201339434 0.04416899504173189134 0.00000000099999999998 
0.00000000099999999997 0.00000000099999999997 0.00459448891448713519 0.00000000099999999997 0.00000000099999999997 0.92301775915441808262 0.07238774693109478742 0.00000000099999999997 
0.00000000099999999998 0.00932324336856212195 0.00000000099999999998 0.00000000099999999998 0.01207336969545929131 0.95966769275786112381 0.00000000099999999998 0.01893569017811751881 
0.00000000099999999995 0.00077050215875649336 0.00000000099999999995 0.00000000099999999995 0.00000000099999999995 0.99922949184124365551 0.00000000099999999995 0.00000000099999999995 
0.00000000099999999995 0.00000000099999999995 0.00000000099999999995 0.00000000099999999995 0.00000000099999999995 0.97199234442081139385 0.00000000099999999995 0.02800764957918861625 
0.00000000099999999998 0.00000000099999999998 0.05400099847953521853 0.00165483056470345710 0.04423882202258441754 0.90010533602660403041 0.00000000990657276919 0.00000000099999999998 
0.00000000099999999999 0.01386163080718485867 0.03514905723937909038 0.01447537544325056165 0.02059671331715164436 0.91127761692709141617 0.00000000099999999999 0.00463960426594249142 
0.00000000099999999995 0.00000000099999999995 0.00000000099999999995 0.00000000099999999995 0.00000000099999999995 0.95197428453384602687 0.00000000099999999995 0.04802570946615417752 
0.00000000099999999998 0.00000000099999999998 0.00000000099999999998 0.00000000099999999998 0.01003938103079737507 0.90618866440755696523 0.00000000099999999998 0.08377194956164561723 
0.00000000099999999998 0.00000000099999999998 0.00000000099999999998 0.02325275346870462126 0.00570899641096737648 0.96201466745065677966 0.00902357866967126547 0.00000000099999999998 
0.00000000099999999992 0.00000000099999999992 0.00000000099999999992 0.00000000099999999992 0.00000000099999999992 0.99999999299999997593 0.00000000099999999992 0.00000000099999999992 
0.00000000099999999997 0.00000000099999999997 0.00001581693667393060 0.00000000099999999997 0.00000000099999999997 0.95069592941238445505 0.04928824865094166841 0.00000000099999999997 
0.00000000099999999996 0.00000000099999999996 0.00000000099999999996 0.00000000099999999996 0.00000000099999999996 0.90631694365507253774 0.00000000099999999996 0.09368305034492743766 
0.00000000099999999994 0.02016496421038537629 0.00000000099999999994 0.00000000099999999994 0.00000000099999999994 0.97983502978961456442 0.00000000099999999994 0.00000000099999999994 
0.00000000099999999995 0.04483373567551941080 0.00000000099999999995 0.00000000099999999995 0.02247060006898541143 0.93269565925549513530 0.00000000099999999995 0.00000000099999999995 
0.00000000099999999998 0.00000000099999999998 0.00000000099999999998 0.00000000099999999998 0.00000000099999999998 0.99979425230833685045 0.00020574169166322738 0.00000000099999999998 
0.00000000099999999996 0.00000000099999999996 0.00000000099999999996 0.02133531647604289608 0.00000000099999999996 0.97654508663560490866 0.00000000099999999996 0.00211959188835224646 
0.00000014975397257928 0.00000000099999999996 0.00000000099999999996 0.00000000099999999996 0.00000000099999999996 0.95889587527012010160 0.00000000099999999996 0.04110396997590738677 
0.00000000099999999998 0.03553163916436600372 0.00895247315115766697 0.00000000099999999998 0.00000000099999999998 0.85930030817260905085 0.00000000099999999998 0.09621557551186718515 
0.00000000099999999975 0.99999999300000019797 0.00000000099999999975 0.00000000099999999975 0.00000000099999999975 0.00000000099999999975 0.00000000099999999975 0.00000000099999999975 
0.00000000099999999976 0.99999999300000008695 0.00000000099999999976 0.00000000099999999976 0.00000000099999999976 0.00000000099999999976 0.00000000099999999976 0.00000000099999999976 
0.00000000099999999976 0.99999999300000019797 0.00000000099999999976 0.00000000099999999976 0.00000000099999999976 0.00000000099999999976 0.00000000099999999976 0.00000000099999999976 
0.00000000099999999978 0.99999999300000019797 0.00000000099999999978 0.00000000099999999978 0.00000000099999999978 0.00000000099999999978 0.00000000099999999978 0.00000000099999999978 
0.00000000099999999970 0.99999999300000008695 0.00000000099999999970 0.00000000099999999970 0.00000000099999999970 0.00000000099999999970 0.00000000099999999970 0.00000000099999999970 
0.00000000099999999973 0.99999999300000008695 0.00000000099999999973 0.00000000099999999973 0.00000000099999999973 0.00000000099999999973 0.00000000099999999973 0.00000000099999999973 
0.00000000099999999975 0.99999999300000019797 0.00000000099999999975 0.00000000099999999975 0.00000000099999999975 0.00000000099999999975 0.00000000099999999975 0.00000000099999999975 
0.00000000099999999987 0.99999999300000019797 0.00000000099999999987 0.00000000099999999987 0.00000000099999999987 0.00000000099999999987 0.00000000099999999987 0.00000000099999999987 
0.00000000099999999974 0.99999999300000019797 0.00000000099999999974 0.00000000099999999974 0.00000000099999999974 0.00000000099999999974 0.00000000099999999974 0.00000000099999999974 
0.00000000099999999992 0.99355369856140229867 0.00000000099999999992 0.00000000099999999992 0.00000000099999999992 0.00000000099999999992 0.00644629543859785627 0.00000000099999999992 
0.00000000099999999995 0.99999999300000019797 0.00000000099999999995 0.00000000099999999995 0.00000000099999999995 0.00000000099999999995 0.00000000099999999995 0.00000000099999999995 
0.00000000099999999985 0.99999999300000008695 0.00000000099999999985 0.00000000099999999985 0.00000000099999999985 0.00000000099999999985 0.00000000099999999985 0.00000000099999999985 
0.00000000099999999990 0.99999999300000008695 0.00000000099999999990 0.00000000099999999990 0.00000000099999999990 0.00000000099999999990 0.00000000099999999990 0.00000000099999999990 
0.00000434601274574930 0.00000000099999999998 0.02082109201748855512 0.00000000099999999998 0.04745766048515431823 0.92832344401109900822 0.00339345447351242259 0.00000000099999999998 
0.00000000099999999996 0.01484079412750926100 0.03578875945968996997 0.00000000099999999996 0.00000000099999999996 0.94937044141280080289 0.00000000099999999996 0.00000000099999999996 
0.00000000099999999997 0.02118310961420106012 0.02680158510750082698 0.03628640574578292227 0.00000000099999999997 0.91572885443392193494 0.00000004209859335037 0.00000000099999999997 
0.00000000099999999998 0.00000000099999999998 0.04711171948934273629 0.00000000099999999998 0.00000000099999999998 0.95200008189802143299 0.00088819361263578760 0.00000000099999999998 
0.00000000099999999997 0.07582265202591849385 0.07335275553037053087 0.00000000099999999997 0.00000000099999999997 0.78108093132586065011 0.06974365711785038280 0.00000000099999999997 
0.00000000099999999997 0.00000000099999999997 0.02132879403711778268 0.00000000099999999997 0.01081712386361401851 0.96785407709926818409 0.00000000099999999997 0.00000000099999999997 
0.00036613773677944550 0.00134311034700286850 0.03110824992139367418 0.01671910991634945748 0.03351427750125870325 0.90547549501634183589 0.01147361856087390428 0.00000000100000000000 
0.00000000099999999995 0.03557994403409382028 0.00000000099999999995 0.00000000099999999995 0.00000000099999999995 0.96442004996590613430 0.00000000099999999995 0.00000000099999999995 
0.00000000099999999996 0.04107935378955552413 0.00000000099999999996 0.00000000099999999996 0.00000000099999999996 0.95262811930143231898 0.00629252190901209187 0.00000000099999999996 
0.05421803543896257238 0.04840813076578431851 0.00000000099999999998 0.00630380134420985457 0.00000000123723205491 0.76335028321499875936 0.00000000099999999998 0.12771974599881255608 
0.00000000099999999994 0.00000000099999999994 0.00000000099999999994 0.00000000099999999994 0.00000000099999999994 0.99999999300000008695 0.00000000099999999994 0.00000000099999999994 
0.00000000099999999989 0.00000000099999999989 0.99999999299999997593 0.00000000099999999989 0.00000000099999999989 0.00000000099999999989 0.00000000099999999989 0.00000000099999999989 
0.00000000099999999983 0.00000000099999999983 0.99999999300000008695 0.00000000099999999983 0.00000000099999999983 0.00000000099999999983 0.00000000099999999983 0.00000000099999999983 
0.00000000099999999986 0.00000000099999999986 0.99999999299999997593 0.00000000099999999986 0.00000000099999999986 0.00000000099999999986 0.00000000099999999986 0.00000000099999999986 
0.00000000099999999987 0.00000000099999999987 0.99999999300000008695 0.00000000099999999987 0.00000000099999999987 0.00000000099999999987 0.00000000099999999987 0.00000000099999999987 
0.00000000099999999994 0.00000000099999999994 0.99999999300000008695 0.00000000099999999994 0.00000000099999999994 0.00000000099999999994 0.00000000099999999994 0.00000000099999999994 
0.00000000099999999983 0.00000000099999999983 0.99999999299999997593 0.00000000099999999983 0.00000000099999999983 0.00000000099999999983 0.00000000099999999983 0.00000000099999999983 
0.00000000099999999987 0.00000000099999999987 0.99999999300000008695 0.00000000099999999987 0.00000000099999999987 0.00000000099999999987 0.00000000099999999987 0.00000000099999999987 
0.07391561273871880000 0.00000000099999999998 0.90305784054561233365 0.00000000099999999998 0.00034115687772443937 0.00000000099999999998 0.02268538583794450086 0.00000000099999999998 
0.00000000099999999983 0.00000000099999999983 0.99999999299999997593 0.00000000099999999983 0.00000000099999999983 0.00000000099999999983 0.00000000099999999983 0.00000000099999999983 
0.00000000099999999989 0.00000000099999999989 0.99999999300000008695 0.00000000099999999989 0.00000000099999999989 0.00000000099999999989 0.00000000099999999989 0.00000000099999999989 
0.00000000099999999990 0.00000000099999999990 0.99999999299999997593 0.00000000099999999990 0.00000000099999999990 0.00000000099999999990 0.00000000099999999990 0.00000000099999999990 
0.05480007854003154238 0.00000000099999999993 0.94519991545996850935 0.00000000099999999993 0.00000000099999999993 0.00000000099999999993 0.00000000099999999993 0.00000000099999999993 
0.00000000099999999991 0.00000000099999999991 0.99999999300000008695 0.00000000099999999991 0.00000000099999999991 0.00000000099999999991 0.00000000099999999991 0.00000000099999999991 
0.00000000099999999982 0.00000000099999999982 0.99999999300000008695 0.00000000099999999982 0.00000000099999999982 0.00000000099999999982 0.00000000099999999982 0.00000000099999999982 
0.00000000099999999983 0.00000000099999999983 0.99999999300000008695 0.00000000099999999983 0.00000000099999999983 0.00000000099999999983 0.00000000099999999983 0.00000000099999999983 
0.00000000099999999984 0.00000000099999999984 0.99999999300000008695 0.00000000099999999984 0.00000000099999999984 0.00000000099999999984 0.00000000099999999984 0.00000000099999999984 
0.00000000099999999984 0.00000000099999999984 0.99999999299999997593 0.00000000099999999984 0.00000000099999999984 0.00000000099999999984 0.00000000099999999984 0.00000000099999999984 
0.00000000099999999984 0.00000000099999999984 0.00000000099999999984 0.00000000099999999984 0.00000000099999999984 0.00000000099999999984 0.99999999299999997593 0.00000000099999999984 
0.00000000099999999987 0.00000000099999999987 0.00000000099999999987 0.00000000099999999987 0.00000000099999999987 0.00000000099999999987 0.99999999299999997593 0.00000000099999999987 
0.00000000099999999998 0.00000000099999999998 0.05854042141152709239 0.00000000099999999998 0.04939181939397072757 0.00000000099999999998 0.89206769162517374205 0.00000006356932837162 
0.00000000099999999978 0.00000000099999999978 0.00000000099999999978 0.00000000099999999978 0.00000000099999999978 0.00000000099999999978 0.99999999299999997593 0.00000000099999999978 
0.00000000099999999991 0.00000000099999999991 0.00000000099999999991 0.00000000099999999991 0.00000000099999999991 0.00000000099999999991 0.99999999299999997593 0.00000000099999999991 
0.00000000099999999995 0.00000000099999999995 0.01830940132358483893 0.00000000099999999995 0.00000000099999999995 0.00000000099999999995 0.98169059267641500810 0.00000000099999999995 
0.00000000099999999987 0.00000000099999999987 0.00000000099999999987 0.00000000099999999987 0.00000000099999999987 0.00000000099999999987 0.99999999299999997593 0.00000000099999999987 
0.00000000099999999991 0.01194848326883453729 0.00000000099999999991 0.00000000099999999991 0.00000000099999999991 0.00000000099999999991 0.98805151073116548321 0.00000000099999999991 
0.00000000099999999991 0.00000000099999999991 0.00000000099999999991 0.00000000099999999991 0.00000000099999999991 0.03049790227008871563 0.96950209172991119733 0.00000000099999999991 
0.00000000099999999983 0.00000000099999999983 0.01442217583534464130 0.00000000099999999983 0.00000000099999999983 0.00000000099999999983 0.98557781816465539482 0.00000000099999999983 
0.00000000099999999987 0.00000000099999999987 0.00000000099999999987 0.00000000099999999987 0.00000000099999999987 0.00000000099999999987 0.99999999299999997593 0.00000000099999999987 
0.00114842093000603360 0.00000000099999999992 0.00000000099999999992 0.00000000099999999992 0.00000000099999999992 0.00000000099999999992 0.99885157306999394766 0.00000000099999999992 
0.00000000099999999995 0.00000000099999999995 0.00000000099999999995 0.00000000099999999995 0.05835320229744163367 0.00000000099999999995 0.94164679170255838336 0.00000000099999999995 
0.00000000099999999992 0.01946644145622249827 0.00000000099999999992 0.00000000099999999992 0.00000000099999999992 0.00000000099999999992 0.98053355254377749795 0.00000000099999999992 
0.00000000099999999995 0.00000006773989978026 0.02732144479342100973 0.00000000099999999995 0.00000000099999999995 0.00000000099999999995 0.93687506188537639229 0.03580342158130281338 
0.00000000099999999987 0.00000000099999999987 0.00000000099999999987 0.00000000099999999987 0.00000000099999999987 0.00000000099999999987 0.99999999299999986491 0.00000000099999999987 
0.00000000099999999989 0.00000000099999999989 0.04705340248043898138 0.00000000099999999989 0.00000000099999999989 0.00000000099999999989 0.95294659151956095933 0.00000000099999999989 
0.00000000099999999986 0.00000000099999999986 0.00000000099999999986 0.00000000099999999986 0.00000000099999999986 0.00000000099999999986 0.99999999299999986491 0.00000000099999999986 
0.00000000099999999986 0.00000000099999999986 0.00000000099999999986 0.00000000099999999986 0.00000000099999999986 0.00000000099999999986 0.99999999299999997593 0.00000000099999999986 
0.00000000099999999987 0.00000000099999999987 0.00000000099999999987 0.00000000099999999987 0.00000000099999999987 0.00000000099999999987 0.99999999299999986491 0.00000000099999999987 
0.00000000099999999994 0.00000000099999999994 0.00000000099999999994 0.00000000099999999994 0.01436140570276434741 0.00000000099999999994 0.98563858829723571819 0.00000000099999999994 
0.00000000099999999992 0.00398069887466578638 0.00000000099999999992 0.00000000099999999992 0.00000000099999999992 0.00000000099999999992 0.99601929512533415867 0.00000000099999999992 
0.00000000099999999986 0.00000000099999999986 0.00000000099999999986 0.00000000099999999986 0.00000000099999999986 0.00000000099999999986 0.99999999299999986491 0.00000000099999999986 
0.00000000099999999985 0.00000000099999999985 0.00000000099999999985 0.00000000099999999985 0.00000000099999999985 0.00000000099999999985 0.99999999299999986491 0.00000000099999999985 
0.00000000099999999981 0.00000000099999999981 0.00000000099999999981 0.00000000099999999981 0.00000000099999999981 0.00000000099999999981 0.99999999299999997593 0.00000000099999999981 
0.00000000099999999994 0.00000000099999999994 0.00000000099999999994 0.00000000099999999994 0.00000000099999999994 0.03669113132992289639 0.96330886267007720392 0.00000000099999999994 
0.00000000099999999982 0.00000000099999999982 0.00000000099999999982 0.00000000099999999982 0.00000000099999999982 0.00000000099999999982 0.99999999299999997593 0.00000000099999999982 
0.00000000099999999994 0.00000000099999999994 0.00631353579144298960 0.00000000099999999994 0.00000000099999999994 0.00407719168093339645 0.98960926752762357061 0.00000000099999999994 
0.00000000099999999983 0.00000000099999999983 0.00000000099999999983 0.00000000099999999983 0.00000000099999999983 0.00000000099999999983 0.99999999299999997593 0.00000000099999999983 
0.00000000099999999990 0.00000000099999999990 0.00000000099999999990 0.00000000099999999990 0.00000000099999999990 0.00000000099999999990 0.99999999299999986491 0.00000000099999999990 
0.21996320097235635971 0.00000000099999999995 0.00000000099999999995 0.00000000099999999995 0.00000000099999999995 0.02294457189235274766 0.00000000099999999995 0.75709222213529092649 
0.10726288160331773347 0.05454655874868050841 0.03111467659592388746 0.00000000099999999999 0.00000000099999999999 0.02656438111450613176 0.08247486686954391688 0.69803663306802776756 
0.12056461621138085671 0.00000000099999999995 0.07835781154363040402 0.00000000099999999995 0.00000000099999999995 0.01600746663881360762 0.07472112755415102892 0.71034897505202398982 
0.23312587928283035055 0.02062516032307652042 0.06298950067915193296 0.00000000099999999998 0.00000000099999999998 0.00000000099999999998 0.04318360070219246644 0.64007585601274874509 
0.16625002539200758878 0.02036508803845448606 0.00000000099999999997 0.00000000099999999997 0.00000000099999999997 0.10632985786594140176 0.04314600820809080112 0.66390901749550557120 
0.17629776927635390504 0.00000000099999999998 0.07283930128628159084 0.00000000099999999998 0.00000000099999999998 0.00000000099999999998 0.03430404741226527471 0.71655887802509909967 
0.21046164213170054369 0.02758999662542441222 0.03656893709138887144 0.00000000099999999996 0.00000000099999999996 0.07636972627726550111 0.00000000099999999996 0.64900969487422055515 
0.17256603987705929071 0.00000000099999999997 0.05502483125871214520 0.00000000099999999997 0.00000000099999999997 0.05370969938403360316 0.07310157045628491723 0.64559785602390995507 
0.08555624965778212132 0.00772172084110919320 0.06183133120802777882 0.00000000099999999999 0.00000000099999999999 0.13530494193019268478 0.04560716143866791472 0.66397859292422045652 
0.15825378680815313515 0.00000000099999999999 0.04995720455938213594 0.00000000099999999999 0.00000057731808344087 0.09708294021282977415 0.08050455263810668560 0.61420093646344486871 
0.15525333299897034478 0.00000000099999999996 0.00035732786262840952 0.00000000099999999996 0.00000000099999999996 0.00000000099999999996 0.00000000099999999996 0.84438933413840133735 
0.20510447331061976151 0.00000000099999999995 0.12905953350928880963 0.00000000099999999995 0.00000000099999999995 0.10662717304571403543 0.00000000099999999995 0.55920881613437722901 
0.00000000099999999987 0.00000000099999999987 0.00000000099999999987 0.99999999300000008695 0.00000000099999999987 0.00000000099999999987 0.00000000099999999987 0.00000000099999999987 
0.00000000099999999971 0.00000000099999999971 0.00000000099999999971 0.99999999300000008695 0.00000000099999999971 0.00000000099999999971 0.00000000099999999971 0.00000000099999999971 
0.00000000099999999971 0.00000000099999999971 0.00000000099999999971 0.99999999300000008695 0.00000000099999999971 0.00000000099999999971 0.00000000099999999971 0.00000000099999999971 
0.00000000099999999977 0.00000000099999999977 0.00000000099999999977 0.99999999299999997593 0.00000000099999999977 0.00000000099999999977 0.00000000099999999977 0.00000000099999999977 
0.00000000099999999974 0.00000000099999999974 0.00000000099999999974 0.99999999299999997593 0.00000000099999999974 0.00000000099999999974 0.00000000099999999974 0.00000000099999999974 
0.00000000099999999986 0.00000000099999999986 0.00000000099999999986 0.99999999299999997593 0.00000000099999999986 0.00000000099999999986 0.00000000099999999986 0.00000000099999999986 
0.00000000099999999978 0.00000000099999999978 0.00000000099999999978 0.99999999300000008695 0.00000000099999999978 0.00000000099999999978 0.00000000099999999978 0.00000000099999999978 
0.00000000099999999963 0.00000000099999999963 0.00000000099999999963 0.99999999299999997593 0.00000000099999999963 0.00000000099999999963 0.00000000099999999963 0.00000000099999999963 
0.00000000099999999977 0.00000000099999999977 0.00000000099999999977 0.99999999299999997593 0.00000000099999999977 0.00000000099999999977 0.00000000099999999977 0.00000000099999999977 
0.00000000099999999981 0.00000000099999999981 0.00000000099999999981 0.99999999300000008695 0.00000000099999999981 0.00000000099999999981 0.00000000099999999981 0.00000000099999999981 
0.00000000099999999991 0.00000000099999999991 0.00000000099999999991 0.99999999299999997593 0.00000000099999999991 0.00000000099999999991 0.00000000099999999991 0.00000000099999999991 
0.00000000099999999970 0.00000000099999999970 0.00000000099999999970 0.99999999300000008695 0.00000000099999999970 0.00000000099999999970 0.00000000099999999970 0.00000000099999999970 
0.99999999300000008695 0.00000000099999999984 0.00000000099999999984 0.00000000099999999984 0.00000000099999999984 0.00000000099999999984 0.00000000099999999984 0.00000000099999999984 
0.99999999300000019797 0.00000000099999999982 0.00000000099999999982 0.00000000099999999982 0.00000000099999999982 0.00000000099999999982 0.00000000099999999982 0.00000000099999999982 
0.99999999300000019797 0.00000000099999999984 0.00000000099999999984 0.00000000099999999984 0.00000000099999999984 0.00000000099999999984 0.00000000099999999984 0.00000000099999999984 
0.99999999300000019797 0.00000000099999999986 0.00000000099999999986 0.00000000099999999986 0.00000000099999999986 0.00000000099999999986 0.00000000099999999986 0.00000000099999999986 
0.99999999300000019797 0.00000000099999999976 0.00000000099999999976 0.00000000099999999976 0.00000000099999999976 0.00000000099999999976 0.00000000099999999976 0.00000000099999999976 
0.99999999300000008695 0.00000000099999999988 0.00000000099999999988 0.00000000099999999988 0.00000000099999999988 0.00000000099999999988 0.00000000099999999988 0.00000000099999999988 
0.99999999300000008695 0.00000000099999999987 0.00000000099999999987 0.00000000099999999987 0.00000000099999999987 0.00000000099999999987 0.00000000099999999987 0.00000000099999999987 
0.99999999300000008695 0.00000000099999999989 0.00000000099999999989 0.00000000099999999989 0.00000000099999999989 0.00000000099999999989 0.00000000099999999989 0.00000000099999999989 
0.99999999300000008695 0.00000000099999999980 0.00000000099999999980 0.00000000099999999980 0.00000000099999999980 0.00000000099999999980 0.00000000099999999980 0.00000000099999999980 
0.99999999300000008695 0.00000000099999999983 0.00000000099999999983 0.00000000099999999983 0.00000000099999999983 0.00000000099999999983 0.00000000099999999983 0.00000000099999999983 
0.99999999300000008695 0.00000000099999999987 0.00000000099999999987 0.00000000099999999987 0.00000000099999999987 0.00000000099999999987 0.00000000099999999987 0.00000000099999999987 
0.99999999300000019797 0.00000000099999999986 0.00000000099999999986 0.00000000099999999986 0.00000000099999999986 0.00000000099999999986 0.00000000099999999986 0.00000000099999999986 
0.99999999300000019797 0.00000000099999999987 0.00000000099999999987 0.00000000099999999987 0.00000000099999999987 0.00000000099999999987 0.00000000099999999987 0.00000000099999999987 
0.00000000099999999991 0.00000000099999999991 0.00000000099999999991 0.00000000099999999991 0.10360597496741145995 0.00000000099999999991 0.86052824165661112588 0.03586577837597734741 
0.00000000099999999992 0.00000000099999999992 0.00000000099999999992 0.00000000099999999992 0.08443457101250256835 0.00000000099999999992 0.74711058557098941613 0.16845483841650799040 
0.00000000099999999989 0.00000000099999999989 0.00000000099999999989 0.00000000099999999989 0.10175300695347508362 0.00000000099999999989 0.89824698704652483627 0.00000000099999999989 
0.00000000099999999991 0.00000000099999999991 0.00000000099999999991 0.00000000099999999991 0.08958153183315020751 0.00000000099999999991 0.90015176175359823407 0.01026670141325151248 
0.03228432528819503988 0.00000000099999999990 0.00000000099999999990 0.00000000099999999990 0.11035043015461944160 0.00000000099999999990 0.79416225654521299671 0.06320298401197253779 
0.02998992378503647499 0.00000000099999999991 0.00000000099999999991 0.00000000099999999991 0.11978558412204479144 0.00000000099999999991 0.85022448709291875701 0.00000000099999999991 
0.00000000099999999993 0.00000000099999999993 0.00000000099999999993 0.00000000099999999993 0.03260566392802077135 0.00000000099999999993 0.89188046324271386123 0.07551386782926547414 
0.00809865061587521431 0.00000000099999999996 0.00000000099999999996 0.00000000099999999996 0.11707392669083341308 0.00000000099999999996 0.81881668357694559202 0.05601073511634582086 
0.00000000099999999990 0.00000000099999999990 0.00000000099999999990 0.00000000099999999990 0.15693813078488094703 0.00000000099999999990 0.84306186321511911164 0.00000000099999999990 
0.02240696162289022159 0.00000000099999999993 0.00000000099999999993 0.00000000099999999993 0.14359573234879344228 0.00000000099999999993 0.79971963697606296417 0.03427766505225336713 
0.00000000099999999992 0.00000000099999999992 0.00000000099999999992 0.00000000099999999992 0.08958150931366062886 0.00000000099999999992 0.85362866529034198138 0.05678982039599724668 
0.01717552969442276770 0.00000000099999999991 0.00000000099999999991 0.00000000099999999991 0.12110856741727904495 0.00000000099999999991 0.86171589788829816570 0.00000000099999999991 
0.00000000099999999995 0.00000000099999999995 0.00000000099999999995 0.00704963686265530978 0.08812761690160265948 0.00000000099999999995 0.83662607787420728567 0.06819666436153466738 
0.00000000099999999989 0.00000000099999999989 0.00000000099999999989 0.00000000099999999989 0.04832288456535561993 0.00000000099999999989 0.89764428928499229166 0.05403282114965209798 
0.00000000099999999994 0.00000000099999999994 0.00000000099999999994 0.00000000099999999994 0.11463747337208539390 0.00000000099999999994 0.84699510921963239163 0.03836741240828213384 
0.00000000099999999992 0.00000000099999999992 0.00000000099999999992 0.00000000099999999992 0.03581733004397538722 0.00000000099999999992 0.81611476521800574435 0.14806789973801873228 
0.00000000099999999993 0.00000000099999999993 0.00000000099999999993 0.00000000099999999993 0.10523862422290104768 0.00000000099999999993 0.83435132055027816378 0.06041005022682087444 
0.00858522355366496057 0.00000000099999999991 0.00000000099999999991 0.00000000099999999991 0.10486153181639447374 0.00000000099999999991 0.84537985565683637645 0.04117338497310429196 
0.04227140142721860089 0.00000000099999999993 0.00000000099999999993 0.00000000099999999993 0.08785535186179459222 0.00000000099999999993 0.86987324171098667769 0.00000000099999999993 
0.00000000099999999992 0.00000000099999999992 0.00000000099999999992 0.00000000099999999992 0.00000000099999999992 0.00000000099999999992 0.00000000099999999992 0.99999999299999997593 
0.03823944911888219056 0.00000000099999999997 0.00000000099999999997 0.00000000099999999997 0.00000000099999999997 0.20042484027429785520 0.00000000099999999997 0.76133570560681984585 
0.00000000099999999991 0.00000000099999999991 0.00000000099999999991 0.00000000099999999991 0.00000000099999999991 0.00000000099999999991 0.00000000099999999991 0.99999999299999997593 
0.00000000099999999992 0.00000000099999999992 0.00000000099999999992 0.00000000099999999992 0.00003216888287341751 0.00000000099999999992 0.00000000099999999992 0.99996782511712667407 
0.00000000099999999994 0.00000000099999999994 0.00000000099999999994 0.00000000099999999994 0.00000000099999999994 0.00000000099999999994 0.00000000099999999994 0.99999999299999997593 
0.00000000099999999988 0.00000000099999999988 0.00000000099999999988 0.00000000099999999988 0.00000000099999999988 0.00000000099999999988 0.00000000099999999988 0.99999999299999997593 
0.00000000099999999990 0.00000000099999999990 0.00000000099999999990 0.00000000099999999990 0.00000000099999999990 0.00000000099999999990 0.00000000099999999990 0.99999999300000008695 
0.00000000099999999993 0.00000000099999999993 0.00000000099999999993 0.01866026185191560841 0.00232213963450618888 0.00000000099999999993 0.00000000099999999993 0.97901759351357819927 
0.00000000099999999987 0.00000000099999999987 0.00000000099999999987 0.00000000099999999987 0.00000000099999999987 0.00000000099999999987 0.00000000099999999987 0.99999999300000008695 
0.00000000099999999994 0.00000000099999999994 0.00000000099999999994 0.00000000099999999994 0.00000000099999999994 0.00000000099999999994 0.00000000099999999994 0.99999999300000008695 
0.00000000099999999994 0.00000000099999999994 0.00000000099999999994 0.00000000099999999994 0.00000000099999999994 0.00000000099999999994 0.00000000099999999994 0.99999999299999997593 
0.00000000099999999989 0.00000000099999999989 0.00000000099999999989 0.00000000099999999989 0.00000000099999999989 0.00000000099999999989 0.00000000099999999989 0.99999999299999997593 
0.00000000099999999988 0.00000000099999999988 0.00000000099999999988 0.00000000099999999988 0.00000000099999999988 0.00000000099999999988 0.00000000099999999988 0.99999999300000008695 
