0.12561030113550342158 0.84895642408255056477 0.00000000099999999999 0.02543327378194602459 
0.10823272296813611637 0.89176727503186392632 0.00000000099999999999 0.00000000099999999999 
0.00550875598700334684 0.99449124201299665682 0.00000000099999999999 0.00000000099999999999 
0.07356807308711903193 0.92643192491288095525 0.00000000099999999998 0.00000000099999999998 
0.12626243564026096156 0.87373756235973909501 0.00000000099999999999 0.00000000099999999999 
0.09279669660394943009 0.90720330139605065423 0.00000000099999999998 0.00000000099999999998 
0.12144289706124637707 0.87855710093875361011 0.00000000099999999998 0.00000000099999999998 
0.04909699851253899322 0.95090299948746104253 0.00000000099999999998 0.00000000099999999998 
0.12213346281870474108 0.87786653518129520446 0.00000000099999999999 0.00000000099999999999 
0.13910134299116258538 0.86089865500883755445 0.00000000099999999999 0.00000000099999999999 
0.01922164128453025464 0.00000000099999999999 0.98077835671546964580 0.00000000099999999999 
0.00000000099999999995 0.00000000099999999995 0.99999999699999997382 0.00000000099999999995 
0.00045833036093975769 0.00596828861122528347 0.99357338002783501807 0.00000000099999999999 
0.00000000099999999998 0.00000000099999999998 0.99999999699999986280 0.00000000099999999998 
0.00000000099999999998 0.00000000099999999998 0.99999999699999986280 0.00000000099999999998 
0.00000000099999999997 0.00000000099999999997 0.99999999699999997382 0.00000000099999999997 
0.00000000099999999998 0.00000000099999999998 0.99999999699999986280 0.00000000099999999998 
0.00000000099999999997 0.00000000099999999997 0.99999999699999986280 0.00000000099999999997 
0.00000000099999999997 0.00000000099999999997 0.99999999699999986280 0.00000000099999999997 
0.02180120854951008921 0.00000000099999999999 0.97819878945048988061 0.00000000099999999999 
0.00000000099999999998 0.00000000099999999998 0.99999999699999986280 0.00000000099999999998 
0.00000000099999999997 0.00000000099999999997 0.99999999699999986280 0.00000000099999999997 
0.00000000099999999996 0.00000000099999999996 0.99999999699999986280 0.00000000099999999996 
0.00000000099999999997 0.00000000099999999997 0.99999999699999997382 0.00000000099999999997 
0.00000000099999999999 0.07822502955697972771 0.92177496844302020396 0.00000000099999999999 
0.02923645929529014934 0.00000000100000000000 0.95430288698447918172 0.01646065272023070070 
0.00000000099999999997 0.00000000099999999997 0.99999999699999997382 0.00000000099999999997 
0.00000000099999999998 0.00000000099999999998 0.99999999699999997382 0.00000000099999999998 
0.00000000099999999998 0.00000000099999999998 0.96273674704191958273 0.03726325095808043913 
0.04636376905421207839 0.00000000099999999999 0.95363622894578803368 0.00000000099999999999 
0.06190892517320092242 0.00000000099999999999 0.93809107282679893292 0.00000000099999999999 
0.00000000099999999999 0.00000000099999999999 0.99999999699999997382 0.00000000099999999999 
0.00000000099999999997 0.00000000099999999997 0.99999999699999986280 0.00000000099999999997 
0.00000000099999999998 0.00000000099999999998 0.99999999699999997382 0.00000000099999999998 
0.02221409498124575499 0.02828627698935950660 0.92107589099672126931 0.02842373703267338583 
0.00000000100000000000 0.02048578646139396359 0.93787184421460423334 0.04164236832400170646 
0.00000000099999999998 0.00000000099999999998 0.99999999699999986280 0.00000000099999999998 
0.00414014806081885837 0.02431217373666808707 0.97154767720251300478 0.00000000100000000000 
0.01662749699633487774 0.00156291562965801389 0.98180958637400694844 0.00000000099999999999 
0.00000000099999999996 0.00000000099999999996 0.99999999699999997382 0.00000000099999999996 
0.04453746719937436843 0.00000000099999999999 0.95546253080062559793 0.00000000099999999999 
0.01960253500768079082 0.00855003239835267284 0.97184743159396658196 0.00000000099999999999 
0.00000000099999999997 0.00000000099999999997 0.99999999699999997382 0.00000000099999999997 
0.00000000099999999999 0.00000000099999999999 0.99603664671258496099 0.00396335128741509210 
0.00000000099999999999 0.00000000099999999999 0.99999999699999997382 0.00000000099999999999 
0.00000000099999999998 0.00000000099999999998 0.99999999699999997382 0.00000000099999999998 
0.00000000099999999999 0.00000000099999999999 0.99999999699999986280 0.00000000099999999999 
0.01111426483963942786 0.01646198006931401045 0.92070238997418518689 0.05172136511686128979 
0.00000000099999999994 0.00000000099999999994 0.00000000099999999994 0.99999999699999997382 
0.00000000099999999994 0.00000000099999999994 0.00000000099999999994 0.99999999700000008485 
0.00000000099999999995 0.00000000099999999995 0.00000000099999999995 0.99999999699999997382 
0.00000000099999999996 0.00000000099999999996 0.00000000099999999996 0.99999999700000008485 
0.00000000099999999995 0.00000000099999999995 0.00000000099999999995 0.99999999699999997382 
0.00000000099999999994 0.00000000099999999994 0.00000000099999999994 0.99999999699999997382 
0.00000000099999999994 0.00000000099999999994 0.00000000099999999994 0.99999999700000008485 
0.00000000099999999996 0.00000000099999999996 0.00000000099999999996 0.99999999700000008485 
0.00000000099999999994 0.00000000099999999994 0.00000000099999999994 0.99999999700000008485 
0.02151005909433248431 0.00000000099999999997 0.00000000099999999997 0.97848993890566748899 
0.00000000099999999998 0.00000000099999999998 0.00000000099999999998 0.99999999700000008485 
0.00000000099999999997 0.00000000099999999997 0.00000000099999999997 0.99999999700000008485 
0.00000000099999999998 0.00000000099999999998 0.00000000099999999998 0.99999999700000008485 
0.02221613052042136632 0.01411176518208488717 0.96367210329749375397 0.00000000100000000000 
0.00000000099999999999 0.00000000099999999999 0.95193787247989025690 0.04806212552010970251 
0.00002144682016675273 0.00000000100000000000 0.95546990286837041317 0.04450864931146286674 
0.00175905384685610890 0.00000000099999999999 0.97671176010343219165 0.02152918504971158831 
0.06634489805650861660 0.00000000099999999999 0.78953829551229370853 0.14411680543119750886 
0.00000000099999999999 0.00000000099999999999 0.99999999699999997382 0.00000000099999999999 
0.02054793657932238449 0.03117308425049034049 0.92673530526180758482 0.02154367390837966245 
0.00000000099999999998 0.00000000099999999998 0.99999999699999997382 0.00000000099999999998 
0.00950784887980986662 0.00000000099999999999 0.99049214912019023505 0.00000000099999999999 
0.00000000100000000000 0.16084075708059270005 0.83915924091940741203 0.00000000100000000000 
0.00000000099999999997 0.00000000099999999997 0.99999999699999986280 0.00000000099999999997 
0.03761478999960227859 0.00000000099999999999 0.00000000099999999999 0.96238520800039772940 
0.00000000099999999997 0.00000000099999999997 0.00000000099999999997 0.99999999699999997382 
0.00000000099999999996 0.00000000099999999996 0.00000000099999999996 0.99999999700000008485 
0.02704093842007472895 0.00000000099999999998 0.00000000099999999998 0.97295905957992523394 
0.00000000099999999998 0.00000000099999999998 0.00000000099999999998 0.99999999700000008485 
0.00001017455246426087 0.00000000099999999998 0.00000000099999999998 0.99998982344753584162 
0.03525288895996016997 0.00000482797427237982 0.00000000099999999999 0.96474228206576750910 
0.04462034292858439027 0.09101188517304253933 0.00000000099999999999 0.86436777089837302235 
0.00000000099999999997 0.00000000099999999997 0.00000000099999999997 0.99999999700000008485 
0.00000000099999999997 0.00000000099999999997 0.00000000099999999997 0.99999999699999997382 
0.00000000099999999999 0.01001108037253020840 0.00000000099999999999 0.98998891762746965561 
0.03489648815743422866 0.05846085161956357523 0.00000000099999999999 0.90664265922300224521 
0.00000256013202446102 0.03755800799575906290 0.00000000099999999999 0.96243943087221650590 
0.00000000099999999997 0.00000000099999999997 0.00000000099999999997 0.99999999700000008485 
0.00000000099999999998 0.00000000099999999998 0.00000000099999999998 0.99999999699999997382 
0.00000000099999999998 0.00000000099999999998 0.00000000099999999998 0.99999999699999997382 
0.03957648270161578247 0.00000000099999999998 0.00000000099999999998 0.96042351529838421165 
0.99999999699999997382 0.00000000099999999993 0.00000000099999999993 0.00000000099999999993 
0.99999999700000008485 0.00000000099999999994 0.00000000099999999994 0.00000000099999999994 
0.94704241366631947141 0.01738633963742411762 0.00000000100000000000 0.03557124569625635252 
0.99999999700000008485 0.00000000099999999990 0.00000000099999999990 0.00000000099999999990 
0.99999999699999997382 0.00000000099999999996 0.00000000099999999996 0.00000000099999999996 
0.99999999700000008485 0.00000000099999999998 0.00000000099999999998 0.00000000099999999998 
0.99999999700000008485 0.00000000099999999993 0.00000000099999999993 0.00000000099999999993 
0.99999999699999997382 0.00000000099999999997 0.00000000099999999997 0.00000000099999999997 
0.97965073879232256182 0.00000000099999999997 0.02034925920767745311 0.00000000099999999997 
0.99999999700000008485 0.00000000099999999994 0.00000000099999999994 0.00000000099999999994 
0.99999999699999997382 0.00000000099999999995 0.00000000099999999995 0.00000000099999999995 
0.99999999700000008485 0.00000000099999999995 0.00000000099999999995 0.00000000099999999995 
0.97861547323962794209 0.02138452476037218386 0.00000000099999999998 0.00000000099999999998 
0.99999999700000008485 0.00000000099999999996 0.00000000099999999996 0.00000000099999999996 
0.95772058930862458137 0.00000000099999999998 0.00000000099999999998 0.04227940869137558622 
0.99999999700000008485 0.00000000099999999995 0.00000000099999999995 0.00000000099999999995 
0.99021812128768882388 0.00000000099999999997 0.00978187671231115809 0.00000000099999999997 
0.99999999700000008485 0.00000000099999999995 0.00000000099999999995 0.00000000099999999995 
0.99999999700000008485 0.00000000099999999994 0.00000000099999999994 0.00000000099999999994 
0.99999999699999997382 0.00000000099999999994 0.00000000099999999994 0.00000000099999999994 
0.99999999700000008485 0.00000000099999999996 0.00000000099999999996 0.00000000099999999996 
0.99999999699999997382 0.00000000099999999996 0.00000000099999999996 0.00000000099999999996 
0.99999999699999997382 0.00000000099999999994 0.00000000099999999994 0.00000000099999999994 
0.99999999699999997382 0.00000000099999999993 0.00000000099999999993 0.00000000099999999993 
0.99999999699999997382 0.00000000099999999992 0.00000000099999999992 0.00000000099999999992 
0.96854038140072662433 0.00000000099999999998 0.03145961659927330040 0.00000000099999999998 
0.99999999699999997382 0.00000000099999999993 0.00000000099999999993 0.00000000099999999993 
0.99999999700000008485 0.00000000099999999998 0.00000000099999999998 0.00000000099999999998 
0.99999999700000008485 0.00000000099999999991 0.00000000099999999991 0.00000000099999999991 
0.99999999699999997382 0.00000000099999999996 0.00000000099999999996 0.00000000099999999996 
0.08569958490506085491 0.72524208239007392773 0.18905833170486502359 0.00000000100000000000 
0.15802455978378104895 0.57197909672334490416 0.13084595573089147225 0.13915038776198263015 
0.17144106580181067701 0.50408780908257233566 0.18794712117645503979 0.13652400393916197530 
0.10194713319786001537 0.61205616311658239681 0.09642305874354120676 0.18957364494201645044 
0.13034662001082469862 0.52969440946343360199 0.20899705412432539875 0.13096191640141632839 
0.12328370921853099018 0.59030102915636628591 0.17183702915750154183 0.11457823246760127922 
0.08416259658969091340 0.56419311534619698278 0.19666103394409717442 0.15498325412001479062 
0.14448947441344531240 0.55465382112642869217 0.18092442614021669867 0.11993227831990926902 
0.12310513348836024661 0.47391817706620753547 0.21702314577043374522 0.18595354367499841719 
0.15736336846097634390 0.55692407910839514251 0.15482646908297550969 0.13088608334765308716 
0.14043089775444711487 0.64216873307772903701 0.12786407835725840942 0.08953629081056545258 
0.04377609279759914901 0.51033189182596494504 0.23607009759125002768 0.20982191778518577419 
0.00000000099999999994 0.99999999700000008485 0.00000000099999999994 0.00000000099999999994 
0.00000000099999999993 0.99999999699999997382 0.00000000099999999993 0.00000000099999999993 
0.00000000099999999994 0.99999999699999997382 0.00000000099999999994 0.00000000099999999994 
0.00000000099999999994 0.99999999699999997382 0.00000000099999999994 0.00000000099999999994 
0.00000000099999999993 0.99999999700000008485 0.00000000099999999993 0.00000000099999999993 
0.00000000099999999993 0.99999999700000008485 0.00000000099999999993 0.00000000099999999993 
0.00000000099999999999 0.99495434307852093081 0.00504565492147898698 0.00000000099999999999 
0.00000000099999999992 0.99999999699999997382 0.00000000099999999992 0.00000000099999999992 
0.00000000099999999994 0.99999999700000008485 0.00000000099999999994 0.00000000099999999994 
0.00000000099999999995 0.99999999699999997382 0.00000000099999999995 0.00000000099999999995 
0.00000000099999999999 0.96246259603257711124 0.03753740196742282043 0.00000000099999999999 
0.00000000099999999992 0.99999999700000008485 0.00000000099999999992 0.00000000099999999992 
0.00043762305407068179 0.89505146267440571783 0.00000000099999999999 0.10451091327152359223 
0.00000000099999999999 0.97155611897659344134 0.00000000099999999999 0.02844387902340671237 
0.00000000099999999999 0.97768690901062249576 0.00000007893484612701 0.02231301105453144251 
0.00000000099999999998 0.86829424749013706109 0.00000000099999999998 0.13170575050986293997 
0.01821932375241175697 0.90878452191924297132 0.00000000099999999999 0.07299615332834528958 
0.00000000099999999999 0.87940601216611291591 0.00000000099999999999 0.12059398583388708515 
0.00950869728763810255 0.92757130136477627946 0.00000000099999999999 0.06292000034758547800 
0.01622880439178512116 0.91202637669568586976 0.00000000099999999999 0.07174481791252908247 
0.00000000099999999998 0.88358814490799175712 0.00000000099999999998 0.11641185309200824394 
0.00395654019986037449 0.93038328694127592211 0.00000000099999999999 0.06566017185886373342 
0.00000000099999999999 0.90761887901523619071 0.00000000099999999999 0.09238111898476390749 
0.01025366131664981473 0.96491567884173634617 0.00000000099999999998 0.02483065884161392636 
0.00000000099999999999 0.99999999700000008485 0.00000000099999999999 0.00000000099999999999 
0.93623261173967398108 0.06376738626032597834 0.00000000099999999996 0.00000000099999999996 
0.85274186272407936915 0.14725813527592054863 0.00000000099999999996 0.00000000099999999996 
0.97782645381886246216 0.02217354418113750766 0.00000000099999999995 0.00000000099999999995 
0.99156865234379099050 0.00843134565620910249 0.00000000099999999996 0.00000000099999999996 
0.87191925899668920596 0.12808073900331076733 0.00000000099999999994 0.00000000099999999994 
0.94564367124825488009 0.05435632675174524586 0.00000000099999999996 0.00000000099999999996 
0.98144963092477599531 0.01855036707522404391 0.00000000099999999998 0.00000000099999999998 
0.89376758753962581849 0.10623241046037426583 0.00000000099999999997 0.00000000099999999997 
0.95420549837051737985 0.04579449962948260733 0.00000000099999999996 0.00000000099999999996 
0.88589105508268572997 0.11410894291731431271 0.00000000099999999996 0.00000000099999999996 
0.93906878297625273611 0.06093121502374714699 0.00000000099999999996 0.00000000099999999996 
0.93231181044514443990 0.06768818755485571381 0.00000000099999999995 0.00000000099999999995 
0.92438955407525558172 0.07561044392474436382 0.00000000099999999997 0.00000000099999999997 
0.98608946685607423710 0.01391053114392583161 0.00000000099999999995 0.00000000099999999995 
0.93591014336344646729 0.06408985463655368642 0.00000000099999999997 0.00000000099999999997 
0.93966723368574578412 0.06033276431425425856 0.00000000099999999997 0.00000000099999999997 
0.92678417156439030222 0.07321582643560967107 0.00000000099999999997 0.00000000099999999997 
0.90796582300203376725 0.09203417499796613666 0.00000000099999999995 0.00000000099999999995 
0.93907694668732277776 0.06092305131267733431 0.00000000099999999996 0.00000000099999999996 
0.06774736782944504321 0.78950607354038837560 0.10010330794156153955 0.04264325068860503470 
0.06883717239144099276 0.56617195738132397587 0.34332944755953170857 0.02166142266770342689 
0.08908134486326360624 0.70936358127480048097 0.07898866820941057021 0.12256640565252537034 
0.15488348455645156720 0.74146207482572978886 0.02919723937510163361 0.07445720124271702767 
0.09049489891487456916 0.71468501564938113901 0.10456332154358255471 0.09025676389216186202 
0.13247939482682924428 0.64177803797172949807 0.18528450235576104932 0.04045806484568018058 
0.10437672746659867884 0.68420704470022786214 0.12088480003688012454 0.09053142779629323733 
0.09703632612381601907 0.76900844338111773446 0.09745354221922956917 0.03650168827583675363 
0.09628943384463710398 0.69094900264378966703 0.21276156251157329891 0.00000000100000000000 
0.17052934496625984928 0.63533661841788624525 0.12609325815974520291 0.06804077845610861930 
0.05561065102331013560 0.75924565128299681405 0.18514369669369304394 0.00000000100000000000 
0.16087460710964535116 0.73555570002041315014 0.08579342081754223748 0.01777627205239915714 
0.20400187088325616447 0.69248830397798932790 0.08548506743154227205 0.01802475770721231191 
0.05947286293727414158 0.35930708777151321165 0.54932785998147892759 0.03189218930973383020 
