0.99999999100000014352 0.00000000099999999965 0.00000000099999999965 0.00000000099999999965 0.00000000099999999965 0.00000000099999999965 0.00000000099999999965 0.00000000099999999965 0.00000000099999999965 0.00000000099999999965 
0.99999999100000025454 0.00000000099999999982 0.00000000099999999982 0.00000000099999999982 0.00000000099999999982 0.00000000099999999982 0.00000000099999999982 0.00000000099999999982 0.00000000099999999982 0.00000000099999999982 
0.99999999100000014352 0.00000000099999999974 0.00000000099999999974 0.00000000099999999974 0.00000000099999999974 0.00000000099999999974 0.00000000099999999974 0.00000000099999999974 0.00000000099999999974 0.00000000099999999974 
0.99999999100000014352 0.00000000099999999967 0.00000000099999999967 0.00000000099999999967 0.00000000099999999967 0.00000000099999999967 0.00000000099999999967 0.00000000099999999967 0.00000000099999999967 0.00000000099999999967 
0.99999999100000014352 0.00000000099999999984 0.00000000099999999984 0.00000000099999999984 0.00000000099999999984 0.00000000099999999984 0.00000000099999999984 0.00000000099999999984 0.00000000099999999984 0.00000000099999999984 
0.99999999100000014352 0.00000000099999999964 0.00000000099999999964 0.00000000099999999964 0.00000000099999999964 0.00000000099999999964 0.00000000099999999964 0.00000000099999999964 0.00000000099999999964 0.00000000099999999964 
0.99999999100000025454 0.00000000099999999969 0.00000000099999999969 0.00000000099999999969 0.00000000099999999969 0.00000000099999999969 0.00000000099999999969 0.00000000099999999969 0.00000000099999999969 0.00000000099999999969 
0.99999999100000025454 0.00000000099999999962 0.00000000099999999962 0.00000000099999999962 0.00000000099999999962 0.00000000099999999962 0.00000000099999999962 0.00000000099999999962 0.00000000099999999962 0.00000000099999999962 
0.99999999100000014352 0.00000000099999999958 0.00000000099999999958 0.00000000099999999958 0.00000000099999999958 0.00000000099999999958 0.00000000099999999958 0.00000000099999999958 0.00000000099999999958 0.00000000099999999958 
0.99999999100000025454 0.00000000099999999980 0.00000000099999999980 0.00000000099999999980 0.00000000099999999980 0.00000000099999999980 0.00000000099999999980 0.00000000099999999980 0.00000000099999999980 0.00000000099999999980 
0.00000000099999999995 0.97106094716799939981 0.00000000145444086882 0.00000000099999999995 0.00000000099999999995 0.00000000099999999995 0.00000000099999999995 0.00000000099999999995 0.02893904437755972711 0.00000000099999999995 
0.00000000099999999988 0.99999999100000025454 0.00000000099999999988 0.00000000099999999988 0.00000000099999999988 0.00000000099999999988 0.00000000099999999988 0.00000000099999999988 0.00000000099999999988 0.00000000099999999988 
0.00000000099999999997 0.94672913393749547062 0.00000000099999999997 0.00000000099999999997 0.00000000099999999997 0.02596867553271682560 0.00000000099999999997 0.02718588403068829262 0.00011630049909934458 0.00000000099999999997 
0.01390903737101253576 0.98609095462898754825 0.00000000099999999994 0.00000000099999999994 0.00000000099999999994 0.00000000099999999994 0.00000000099999999994 0.00000000099999999994 0.00000000099999999994 0.00000000099999999994 
0.00000000099999999996 0.99641803541114881693 0.00000000099999999996 0.00000000099999999996 0.00000000099999999996 0.00000000099999999996 0.00000000099999999996 0.00000000099999999996 0.00000000099999999996 0.00358195658885141063 
0.00881969510869019639 0.99118029689130993098 0.00000000099999999993 0.00000000099999999993 0.00000000099999999993 0.00000000099999999993 0.00000000099999999993 0.00000000099999999993 0.00000000099999999993 0.00000000099999999993 
0.00000001843205571959 0.96707712608099827278 0.00000000099999999996 0.00000000099999999996 0.00000000099999999996 0.00601572481515028068 0.00000000099999999996 0.00000000099999999996 0.00000000099999999996 0.02690712467179574505 
0.00000000099999999992 0.98788694457872894272 0.00000000099999999992 0.00000000099999999992 0.00000000099999999992 0.00000000099999999992 0.01211304742127128874 0.00000000099999999992 0.00000000099999999992 0.00000000099999999992 
0.00000000099999999995 0.99999999100000014352 0.00000000099999999995 0.00000000099999999995 0.00000000099999999995 0.00000000099999999995 0.00000000099999999995 0.00000000099999999995 0.00000000099999999995 0.00000000099999999995 
0.02721110831374494443 0.94328283587658456888 0.02838899885384243635 0.00000000099999999998 0.00000000099999999998 0.00000000099999999998 0.00000000099999999998 0.00000000099999999998 0.00000000099999999998 0.00111705095582821439 
0.00000000099999999995 0.99999999053550869821 0.00000000146449139494 0.00000000099999999995 0.00000000099999999995 0.00000000099999999995 0.00000000099999999995 0.00000000099999999995 0.00000000099999999995 0.00000000099999999995 
0.00000000099999999994 0.98144744474802081413 0.00000000099999999994 0.00000000099999999994 0.00000000099999999994 0.00737717518800056968 0.00000000099999999994 0.01117045670989727166 0.00000000099999999994 0.00000491735408150053 
0.00000000099999999990 0.99999998757901154001 0.00000000099999999990 0.00000000099999999990 0.00000000099999999990 0.00000000442098868867 0.00000000099999999990 0.00000000099999999990 0.00000000099999999990 0.00000000099999999990 
0.00000000099999999992 0.99999999100000025454 0.00000000099999999992 0.00000000099999999992 0.00000000099999999992 0.00000000099999999992 0.00000000099999999992 0.00000000099999999992 0.00000000099999999992 0.00000000099999999992 
0.00000000099999999994 0.85110647549748996710 0.00000000099999999994 0.00000000099999999994 0.00002090023531226683 0.06263322616366656659 0.00000000099999999994 0.08623939210353123719 0.00000000099999999994 0.00000000099999999994 
0.00000000099999999998 0.92333970556871558522 0.03667628493410333979 0.00000000099999999998 0.01687482802027696904 0.00000000099999999998 0.00039770583922699556 0.00000000099999999998 0.00000000099999999998 0.02271147063767728000 
0.00000000099999999992 0.97470031661120948296 0.00000000099999999992 0.00000000099999999992 0.00000000099999999992 0.00000000099999999992 0.02529967538879072594 0.00000000099999999992 0.00000000099999999992 0.00000000099999999992 
0.00000000099999999994 0.97432175530400222385 0.00000000099999999994 0.00000000099999999994 0.01260232070382080044 0.01307591699217721185 0.00000000099999999994 0.00000000099999999994 0.00000000099999999994 0.00000000099999999994 
0.00000000099999999996 0.96407359268756809278 0.00000000099999999996 0.00693479272201673758 0.00000000099999999996 0.00000000099999999996 0.00000007855884530039 0.00000000099999999996 0.00000000099999999996 0.02899153003157000502 
0.00000000099999999997 0.92814474108404310115 0.04678667857366278215 0.00000000099999999997 0.02391099136219471469 0.00000000099999999997 0.00000000099999999997 0.00000000099999999997 0.00115758298009968120 0.00000000099999999997 
0.00000000099999999998 0.91265957352408644265 0.08022921089113352333 0.00122315084362551374 0.00000000099999999998 0.00000000099999999998 0.00000000099999999998 0.00588805874115456724 0.00000000099999999998 0.00000000099999999998 
0.00000000099999999997 0.94656875211124158476 0.00000000099999999997 0.00000000099999999997 0.00000000099999999997 0.04506764298690235648 0.00000000099999999997 0.00000000099999999997 0.00000000151750181506 0.00836359738435453991 
0.00000000099999999994 0.99903476895837928229 0.00000000099999999994 0.00000000099999999994 0.00000000099999999994 0.00000000099999999994 0.00000000099999999994 0.00000000099999999994 0.00000000099999999994 0.00096522304162083468 
0.00000000099999999993 0.95283364217123889262 0.00000000099999999993 0.00000000099999999993 0.00000000099999999993 0.04716634982876119486 0.00000000099999999993 0.00000000099999999993 0.00000000099999999993 0.00000000099999999993 
0.04014961725542924575 0.88173275390680005970 0.03458140664525102825 0.04334126496296061143 0.00019495222955913250 0.00000000099999999996 0.00000000099999999996 0.00000000099999999996 0.00000000099999999996 0.00000000099999999996 
0.00264779089423292134 0.90120250923076117289 0.00000000099999999999 0.02635783535126007618 0.00697568832526486524 0.05707519107852522533 0.00000000099999999999 0.00000000099999999999 0.00100609171494826918 0.00473489040500766484 
0.00000000099999999992 0.94240247500166385297 0.00000000099999999992 0.00000000099999999992 0.00000000099999999992 0.05759751699833638022 0.00000000099999999992 0.00000000099999999992 0.00000000099999999992 0.00000000099999999992 
0.00000000099999999997 0.90381561524508147176 0.00000000099999999997 0.00000000099999999997 0.00000000099999999997 0.08249525988027903156 0.00000000099999999997 0.00000000099999999997 0.01368911787463963567 0.00000000099999999997 
0.00011044103934278861 0.95698954960114901436 0.00084417688116363693 0.00000000099999999998 0.02371486269199776786 0.00000000099999999998 0.00000000099999999998 0.00000909389759998857 0.01833187188874689164 0.00000000099999999998 
0.00000000099999999990 0.99999999100000025454 0.00000000099999999990 0.00000000099999999990 0.00000000099999999990 0.00000000099999999990 0.00000000099999999990 0.00000000099999999990 0.00000000099999999990 0.00000000099999999990 
0.00000000099999999995 0.93425300768614005786 0.06574698431386014064 0.00000000099999999995 0.00000000099999999995 0.00000000099999999995 0.00000000099999999995 0.00000000099999999995 0.00000000099999999995 0.00000000099999999995 
0.00000000099999999992 0.88376203787138429835 0.00000000099999999992 0.00000000099999999992 0.00000000099999999992 0.11623795412861591403 0.00000000099999999992 0.00000000099999999992 0.00000000099999999992 0.00000000099999999992 
0.00000000099999999992 0.97942680635692258573 0.00000000099999999992 0.00000000099999999992 0.00000000099999999992 0.00000000099999999992 0.00000000099999999992 0.00000000099999999992 0.00000000099999999992 0.02057318564307771339 
0.02241493485629159066 0.93252698127409883178 0.00000000099999999994 0.00000000099999999994 0.00000000099999999994 0.00000000099999999994 0.00000000099999999994 0.00000000099999999994 0.00000000099999999994 0.04505807686960984493 
0.00000000099999999996 0.98213848943132620040 0.00000000099999999996 0.00000000099999999996 0.00000000099999999996 0.00000000099999999996 0.00000000099999999996 0.00000000099999999996 0.01786150256867394953 0.00000000099999999996 
0.00000000099999999994 0.95004341100931410935 0.00000000099999999994 0.00000000099999999994 0.00905398066772275696 0.04090260132296322931 0.00000000099999999994 0.00000000099999999994 0.00000000099999999994 0.00000000099999999994 
0.00000000099999999995 0.95597244634141542718 0.00000000099999999995 0.00000000099999999995 0.00000000099999999995 0.04401321864921500793 0.00001432800936973016 0.00000000099999999995 0.00000000099999999995 0.00000000099999999995 
0.00000000099999999997 0.85589594251189504703 0.00000000099999999997 0.00180060631266445439 0.00000000099999999997 0.09818719052928595592 0.00000000099999999997 0.00000000099999999997 0.00849453430143942874 0.03562172134471511958 
0.00000000099999999968 0.00000000099999999968 0.00000000099999999968 0.00000000099999999968 0.00000000099999999968 0.00000000099999999968 0.00000000099999999968 0.00000000099999999968 0.00000000099999999968 0.99999999100000003249 
0.00000000099999999970 0.00000000099999999970 0.00000000099999999970 0.00000000099999999970 0.00000000099999999970 0.00000000099999999970 0.00000000099999999970 0.00000000099999999970 0.00000000099999999970 0.99999999099999992147 
0.00000000099999999969 0.00000000099999999969 0.00000000099999999969 0.00000000099999999969 0.00000000099999999969 0.00000000099999999969 0.00000000099999999969 0.00000000099999999969 0.00000000099999999969 0.99999999100000003249 
0.00000000099999999972 0.00000000099999999972 0.00000000099999999972 0.00000000099999999972 0.00000000099999999972 0.00000000099999999972 0.00000000099999999972 0.00000000099999999972 0.00000000099999999972 0.99999999099999992147 
0.00000000099999999963 0.00000000099999999963 0.00000000099999999963 0.00000000099999999963 0.00000000099999999963 0.00000000099999999963 0.00000000099999999963 0.00000000099999999963 0.00000000099999999963 0.99999999100000003249 
0.00000000099999999966 0.00000000099999999966 0.00000000099999999966 0.00000000099999999966 0.00000000099999999966 0.00000000099999999966 0.00000000099999999966 0.00000000099999999966 0.00000000099999999966 0.99999999100000003249 
0.00000000099999999968 0.00000000099999999968 0.00000000099999999968 0.00000000099999999968 0.00000000099999999968 0.00000000099999999968 0.00000000099999999968 0.00000000099999999968 0.00000000099999999968 0.99999999099999992147 
0.00000000099999999983 0.00000000099999999983 0.00000000099999999983 0.00000000099999999983 0.00000000099999999983 0.00000000099999999983 0.00000000099999999983 0.00000000099999999983 0.00000000099999999983 0.99999999099999992147 
0.00000000099999999968 0.00000000099999999968 0.00000000099999999968 0.00000000099999999968 0.00000000099999999968 0.00000000099999999968 0.00000000099999999968 0.00000000099999999968 0.00000000099999999968 0.99999999100000003249 
0.00000000099999999989 0.00000000099999999989 0.04335067459392084877 0.00000000099999999989 0.00000000099999999989 0.00000000099999999989 0.00000000099999999989 0.00000000099999999989 0.00000000099999999989 0.95664931740607916932 
0.00000000099999999994 0.00000000099999999994 0.00000000099999999994 0.00000000099999999994 0.00000000099999999994 0.00000000099999999994 0.00000000099999999994 0.00244609801083538756 0.00000000099999999994 0.99755389398916460841 
0.00000000099999999981 0.00000000099999999981 0.00000000099999999981 0.00000000099999999981 0.00000000099999999981 0.00000000099999999981 0.00000000099999999981 0.00000000099999999981 0.00000000099999999981 0.99999999100000003249 
0.00000000099999999988 0.00000000099999999988 0.00000000099999999988 0.00000000099999999988 0.00000000099999999988 0.00000000099999999988 0.00000000099999999988 0.00000000099999999988 0.00000000099999999988 0.99999999099999992147 
0.04513222756061911062 0.92325377497175276087 0.00800839374885982912 0.01889717566684996630 0.00000000099999999997 0.00000000099999999997 0.00368881965989267075 0.00000000099999999997 0.00101960439202573709 0.00000000099999999997 
0.00000000099999999995 0.94780293011627902988 0.00527527138797709988 0.03284015793209736633 0.00000000099999999995 0.00000000099999999995 0.00000000099999999995 0.00000000099999999995 0.00000000099999999995 0.01408163456364677421 
0.00000000099999999995 0.90197960191274251240 0.03158185027987277238 0.01422321531384384934 0.03428714084288386754 0.00000000099999999995 0.00000000099999999995 0.00000000099999999995 0.00000000099999999995 0.01792818665065705475 
0.00000000099999999998 0.94321654348689309977 0.00806325018709011694 0.04517532642096989959 0.00000000099999999998 0.00354487390504699441 0.00000000099999999998 0.00000000099999999998 0.00000000099999999998 0.00000000099999999998 
0.00000000099999999996 0.77283932429588420021 0.05224443424812368064 0.06864489648092189644 0.00000000099999999996 0.00000000099999999996 0.00000000099999999996 0.00165408239434223082 0.03055243247094258097 0.07406482610978559755 
0.01228015765411797147 0.96733220226752314463 0.00000000099999999997 0.02038763307835918248 0.00000000099999999997 0.00000000099999999997 0.00000000099999999997 0.00000000099999999997 0.00000000099999999997 0.00000000099999999997 
0.01304658721327968049 0.91064102753375109067 0.00000000099999999998 0.01484526517414672120 0.00735768266453149401 0.00000000099999999998 0.00000000099999999998 0.00000000099999999998 0.05410180784518155844 0.00000762556910956007 
0.00000000099999999994 0.96450405581154141643 0.00000000099999999994 0.00000000099999999994 0.00000000099999999994 0.00000000099999999994 0.00000000099999999994 0.00000000099999999994 0.00000000099999999994 0.03549593618845878901 
0.00000000099999999995 0.94157458686186390473 0.01861839519921614644 0.00000000099999999995 0.00000000099999999995 0.00000000099999999995 0.00000000099999999995 0.00000000099999999995 0.00000000099999999995 0.03980701093892018150 
0.00000000099999999998 0.76383601394834588216 0.00000000099999999998 0.00000000099999999998 0.00246084660438722217 0.11320593967639219768 0.05046731933322773367 0.02143538168463856100 0.00000000113557681110 0.04859449461743173965 
0.00000000099999999992 0.98530792610821626987 0.01469206589178401363 0.00000000099999999992 0.00000000099999999992 0.00000000099999999992 0.00000000099999999992 0.00000000099999999992 0.00000000099999999992 0.00000000099999999992 
0.00000000099999999987 0.00000000099999999987 0.00000000099999999987 0.99999999100000003249 0.00000000099999999987 0.00000000099999999987 0.00000000099999999987 0.00000000099999999987 0.00000000099999999987 0.00000000099999999987 
0.00000000099999999980 0.00000000099999999980 0.00000000099999999980 0.99999999100000003249 0.00000000099999999980 0.00000000099999999980 0.00000000099999999980 0.00000000099999999980 0.00000000099999999980 0.00000000099999999980 
0.00000000099999999981 0.00000000099999999981 0.00000000099999999981 0.99999999100000003249 0.00000000099999999981 0.00000000099999999981 0.00000000099999999981 0.00000000099999999981 0.00000000099999999981 0.00000000099999999981 
0.00000000099999999985 0.00000000099999999985 0.00000000099999999985 0.99999999100000003249 0.00000000099999999985 0.00000000099999999985 0.00000000099999999985 0.00000000099999999985 0.00000000099999999985 0.00000000099999999985 
0.00000000099999999993 0.00000000099999999993 0.00000000099999999993 0.99999999100000014352 0.00000000099999999993 0.00000000099999999993 0.00000000099999999993 0.00000000099999999993 0.00000000099999999993 0.00000000099999999993 
0.00000000099999999979 0.00000000099999999979 0.00000000099999999979 0.99999999100000003249 0.00000000099999999979 0.00000000099999999979 0.00000000099999999979 0.00000000099999999979 0.00000000099999999979 0.00000000099999999979 
0.00000000099999999983 0.00000000099999999983 0.00000000099999999983 0.99999999100000003249 0.00000000099999999983 0.00000000099999999983 0.00000000099999999983 0.00000000099999999983 0.00000000099999999983 0.00000000099999999983 
0.00000000099999999994 0.00000000099999999994 0.00000000099999999994 0.87880969465075065017 0.00000000099999999994 0.00000000099999999994 0.03082793677958305112 0.00000000099999999994 0.09036236156966633015 0.00000000099999999994 
0.00000000099999999979 0.00000000099999999979 0.00000000099999999979 0.99999999100000003249 0.00000000099999999979 0.00000000099999999979 0.00000000099999999979 0.00000000099999999979 0.00000000099999999979 0.00000000099999999979 
0.00000000099999999985 0.00000000099999999985 0.00000000099999999985 0.99999999100000014352 0.00000000099999999985 0.00000000099999999985 0.00000000099999999985 0.00000000099999999985 0.00000000099999999985 0.00000000099999999985 
0.00000000099999999987 0.00000000099999999987 0.00000000099999999987 0.99999999100000003249 0.00000000099999999987 0.00000000099999999987 0.00000000099999999987 0.00000000099999999987 0.00000000099999999987 0.00000000099999999987 
0.00000000099999999993 0.00000000099999999993 0.00479923168188706086 0.94247963318310379321 0.00000000099999999993 0.00000000099999999993 0.05272112813500931527 0.00000000099999999993 0.00000000099999999993 0.00000000099999999993 
0.00000000099999999989 0.00000000099999999989 0.00000000099999999989 0.99999999100000003249 0.00000000099999999989 0.00000000099999999989 0.00000000099999999989 0.00000000099999999989 0.00000000099999999989 0.00000000099999999989 
0.00000000099999999977 0.00000000099999999977 0.00000000099999999977 0.99999999100000003249 0.00000000099999999977 0.00000000099999999977 0.00000000099999999977 0.00000000099999999977 0.00000000099999999977 0.00000000099999999977 
0.00000000099999999978 0.00000000099999999978 0.00000000099999999978 0.99999999100000014352 0.00000000099999999978 0.00000000099999999978 0.00000000099999999978 0.00000000099999999978 0.00000000099999999978 0.00000000099999999978 
0.00000000099999999980 0.00000000099999999980 0.00000000099999999980 0.99999999100000014352 0.00000000099999999980 0.00000000099999999980 0.00000000099999999980 0.00000000099999999980 0.00000000099999999980 0.00000000099999999980 
0.00000000099999999980 0.00000000099999999980 0.00000000099999999980 0.99999999100000014352 0.00000000099999999980 0.00000000099999999980 0.00000000099999999980 0.00000000099999999980 0.00000000099999999980 0.00000000099999999980 
0.00000000099999999979 0.00000000099999999979 0.99999999100000014352 0.00000000099999999979 0.00000000099999999979 0.00000000099999999979 0.00000000099999999979 0.00000000099999999979 0.00000000099999999979 0.00000000099999999979 
0.00000000099999999986 0.00000000099999999986 0.91717759645601981688 0.00000000099999999986 0.00000000099999999986 0.00000000099999999986 0.00000000099999999986 0.00000000099999999986 0.08282239554398025672 0.00000000099999999986 
0.00000000099999999996 0.00000000099999999996 0.50772237765388406050 0.05232519388866960913 0.00000000099999999996 0.00413845191759769360 0.00000000099999999996 0.00000000099999999996 0.43581397053984849421 0.00000000099999999996 
0.00000000099999999978 0.00000000099999999978 0.93154690357932790068 0.00000000099999999978 0.00000000099999999978 0.00000000099999999978 0.00000000099999999978 0.00000000099999999978 0.06845308842067220068 0.00000000099999999978 
0.00000000099999999984 0.00000000099999999984 0.99999999100000014352 0.00000000099999999984 0.00000000099999999984 0.00000000099999999984 0.00000000099999999984 0.00000000099999999984 0.00000000099999999984 0.00000000099999999984 
0.00000000099999999994 0.00000000099999999994 0.91380109653126073699 0.00000000099999999994 0.00000000099999999994 0.00000000099999999994 0.00000000099999999994 0.00000000099999999994 0.08619889546873926722 0.00000000099999999994 
0.00000000099999999987 0.00000000099999999987 0.87459461284235306966 0.00000000099999999987 0.00000000099999999987 0.00000000099999999987 0.00000000099999999987 0.00000000099999999987 0.12540537915764699006 0.00000000099999999987 
0.00000000099999999987 0.00000000099999999987 0.99999999100000003249 0.00000000099999999987 0.00000000099999999987 0.00000000099999999987 0.00000000099999999987 0.00000000099999999987 0.00000000099999999987 0.00000000099999999987 
0.00000000099999999987 0.00000000099999999987 0.99999999100000003249 0.00000000099999999987 0.00000000099999999987 0.00000000099999999987 0.00000000099999999987 0.00000000099999999987 0.00000000099999999987 0.00000000099999999987 
0.00000000099999999984 0.00000000099999999984 0.94896002428474102164 0.00000000099999999984 0.00000000099999999984 0.00000000099999999984 0.00000000099999999984 0.00000000099999999984 0.05103996771525895482 0.00000000099999999984 
0.00000000099999999979 0.00000000099999999979 0.99999999100000014352 0.00000000099999999979 0.00000000099999999979 0.00000000099999999979 0.00000000099999999979 0.00000000099999999979 0.00000000099999999979 0.00000000099999999979 
0.00000000099999999989 0.00000000099999999989 0.78118015014056896295 0.00000000099999999989 0.00000000099999999989 0.00000000099999999989 0.00430317048942077500 0.00000000099999999989 0.21451667237001037503 0.00000000099999999989 
0.02913422660755468976 0.00000000099999999993 0.55989811039736270271 0.00000000099999999993 0.00000000099999999993 0.00000000099999999993 0.00000000099999999993 0.00000000099999999993 0.41096765599508267020 0.00000000099999999993 
0.00000000099999999990 0.00000000099999999990 0.73608787988650470346 0.00000000099999999990 0.00000000099999999990 0.00000000099999999990 0.00000000099999999990 0.00000000099999999990 0.25355062855173904346 0.01036148456175636605 
0.00000000099999999992 0.00000000099999999992 0.70671264869991090585 0.00000258789727205808 0.00000000099999999992 0.04448341339768362851 0.00000000099999999992 0.00000000099999999992 0.24880134400513329029 0.00000000099999999992 
0.00000000099999999983 0.00000000099999999983 0.99999999100000003249 0.00000000099999999983 0.00000000099999999983 0.00000000099999999983 0.00000000099999999983 0.00000000099999999983 0.00000000099999999983 0.00000000099999999983 
0.00000000099999999988 0.00000000099999999988 0.98073062323652859806 0.01926936876347160738 0.00000000099999999988 0.00000000099999999988 0.00000000099999999988 0.00000000099999999988 0.00000000099999999988 0.00000000099999999988 
0.00000000099999999986 0.00000000099999999986 0.94683025004012022485 0.00000000099999999986 0.00000000099999999986 0.00000000099999999986 0.00000000099999999986 0.00000000099999999986 0.05316974195987973079 0.00000000099999999986 
0.00000000099999999985 0.00000000099999999985 0.99999999100000003249 0.00000000099999999985 0.00000000099999999985 0.00000000099999999985 0.00000000099999999985 0.00000000099999999985 0.00000000099999999985 0.00000000099999999985 
0.00000000099999999985 0.00000000099999999985 0.99999999100000014352 0.00000000099999999985 0.00000000099999999985 0.00000000099999999985 0.00000000099999999985 0.00000000099999999985 0.00000000099999999985 0.00000000099999999985 
0.00000000099999999990 0.00000000099999999990 0.77997730612794380356 0.00000000099999999990 0.00000000099999999990 0.00000000099999999990 0.00000000099999999990 0.00000000099999999990 0.22002268587205625616 0.00000000099999999990 
0.00000000099999999992 0.00000000099999999992 0.97053301509887623943 0.00000000099999999992 0.00000000099999999992 0.00000000099999999992 0.00000042217525316393 0.00000000099999999992 0.02946655572587058083 0.00000000099999999992 
0.00000000099999999985 0.00000000099999999985 0.92176796051783971286 0.00000000099999999985 0.00000000099999999985 0.00000000099999999985 0.00000000099999999985 0.00000000099999999985 0.07823203148216043012 0.00000000099999999985 
0.00000000099999999983 0.00000000099999999983 0.89314526636389968139 0.00000000099999999983 0.00000000099999999983 0.00000000099999999983 0.00000000099999999983 0.00000000099999999983 0.10685472563610037833 0.00000000099999999983 
0.00000000099999999982 0.00000000099999999982 0.97040373049689143681 0.00000000099999999982 0.00000000099999999982 0.00000000099999999982 0.00000000099999999982 0.00000000099999999982 0.02959626150310861251 0.00000000099999999982 
0.00000000099999999995 0.00000000099999999995 0.84557787879147294774 0.00000000099999999995 0.00000000099999999995 0.00000000099999999995 0.00000000099999999995 0.00003612169520879325 0.15438599251331822093 0.00000000099999999995 
0.00000000099999999981 0.00000000099999999981 0.99999999100000003249 0.00000000099999999981 0.00000000099999999981 0.00000000099999999981 0.00000000099999999981 0.00000000099999999981 0.00000000099999999981 0.00000000099999999981 
0.00000000099999999990 0.00000000099999999990 0.96067101284947908901 0.00000000099999999990 0.00000000099999999990 0.00000000099999999990 0.00000000099999999990 0.00000000099999999990 0.03932897915052092214 0.00000000099999999990 
0.00000000099999999980 0.00000000099999999980 0.80145451841585357844 0.00000000099999999980 0.00000000099999999980 0.00000000099999999980 0.00000000099999999980 0.00000000099999999980 0.19854547358414637026 0.00000000099999999980 
0.00000000099999999990 0.00000000099999999990 0.99999999100000014352 0.00000000099999999990 0.00000000099999999990 0.00000000099999999990 0.00000000099999999990 0.00000000099999999990 0.00000000099999999990 0.00000000099999999990 
0.00000000099999999982 0.00000000099999999982 0.00000000099999999982 0.00000000099999999982 0.00000000099999999982 0.00000000099999999982 0.00000000099999999982 0.99999999099999992147 0.00000000099999999982 0.00000000099999999982 
0.00000000099999999996 0.00000000099999999996 0.00633244617888909476 0.00000000099999999996 0.00000000099999999996 0.00000000099999999996 0.00000000099999999996 0.90144651686423782344 0.07432732606221041649 0.01789370489466273265 
0.00000000099999999982 0.00000000099999999982 0.00000000099999999982 0.00000000099999999982 0.00000000099999999982 0.00000000099999999982 0.00000000099999999982 0.99999999100000003249 0.00000000099999999982 0.00000000099999999982 
0.00000000099999999984 0.00000000099999999984 0.00000000099999999984 0.00000000099999999984 0.00000000099999999984 0.00000000099999999984 0.00000000099999999984 0.99999999099999992147 0.00000000099999999984 0.00000000099999999984 
0.00000000099999999992 0.00000000099999999992 0.00000000099999999992 0.00000000099999999992 0.00000000099999999992 0.00000000099999999992 0.00000000099999999992 0.99999999099999992147 0.00000000099999999992 0.00000000099999999992 
0.00000000099999999988 0.00000000099999999988 0.00000000099999999988 0.00000000099999999988 0.00000000099999999988 0.00000000099999999988 0.00000000099999999988 0.99999999100000003249 0.00000000099999999988 0.00000000099999999988 
0.00000000099999999986 0.00000000099999999986 0.00000000099999999986 0.00000000099999999986 0.00000000099999999986 0.00000000099999999986 0.00000000099999999986 0.99999999099999992147 0.00000000099999999986 0.00000000099999999986 
0.00000000099999999985 0.00000000099999999985 0.00000000099999999985 0.00000000099999999985 0.00000000099999999985 0.00000000099999999985 0.00000000099999999985 0.99999999100000003249 0.00000000099999999985 0.00000000099999999985 
0.00000000099999999993 0.00000000099999999993 0.00000000099999999993 0.00000000099999999993 0.00000000099999999993 0.00000000099999999993 0.00000000099999999993 0.99999999099999992147 0.00000000099999999993 0.00000000099999999993 
0.00000000099999999989 0.00000000099999999989 0.00000000099999999989 0.00000000099999999989 0.00000000099999999989 0.00000000099999999989 0.00000000099999999989 0.99999999100000003249 0.00000000099999999989 0.00000000099999999989 
0.00000000099999999977 0.00000000099999999977 0.00000000099999999977 0.00000000099999999977 0.00000000099999999977 0.00000000099999999977 0.00000000099999999977 0.99999999099999992147 0.00000000099999999977 0.00000000099999999977 
0.00000000099999999990 0.00000000099999999990 0.00000000099999999990 0.00651495025135102185 0.00000000099999999990 0.00000000099999999990 0.00000000099999999990 0.99348504174864904481 0.00000000099999999990 0.00000000099999999990 
0.00000000099999999984 0.00000000099999999984 0.00000000099999999984 0.00000000099999999984 0.99999999100000003249 0.00000000099999999984 0.00000000099999999984 0.00000000099999999984 0.00000000099999999984 0.00000000099999999984 
0.00000000099999999962 0.00000000099999999962 0.00000000099999999962 0.00000000099999999962 0.99999999100000003249 0.00000000099999999962 0.00000000099999999962 0.00000000099999999962 0.00000000099999999962 0.00000000099999999962 
0.00000000099999999963 0.00000000099999999963 0.00000000099999999963 0.00000000099999999963 0.99999999100000003249 0.00000000099999999963 0.00000000099999999963 0.00000000099999999963 0.00000000099999999963 0.00000000099999999963 
0.00000000099999999972 0.00000000099999999972 0.00000000099999999972 0.00000000099999999972 0.99999999100000014352 0.00000000099999999972 0.00000000099999999972 0.00000000099999999972 0.00000000099999999972 0.00000000099999999972 
0.00000000099999999966 0.00000000099999999966 0.00000000099999999966 0.00000000099999999966 0.99999999100000003249 0.00000000099999999966 0.00000000099999999966 0.00000000099999999966 0.00000000099999999966 0.00000000099999999966 
0.00000000099999999981 0.00000000099999999981 0.00000000099999999981 0.00000000099999999981 0.99999999100000014352 0.00000000099999999981 0.00000000099999999981 0.00000000099999999981 0.00000000099999999981 0.00000000099999999981 
0.00000000099999999972 0.00000000099999999972 0.00000000099999999972 0.00000000099999999972 0.99999999100000014352 0.00000000099999999972 0.00000000099999999972 0.00000000099999999972 0.00000000099999999972 0.00000000099999999972 
0.00000000099999999953 0.00000000099999999953 0.00000000099999999953 0.00000000099999999953 0.99999999100000003249 0.00000000099999999953 0.00000000099999999953 0.00000000099999999953 0.00000000099999999953 0.00000000099999999953 
0.00000000099999999971 0.00000000099999999971 0.00000000099999999971 0.00000000099999999971 0.99999999100000014352 0.00000000099999999971 0.00000000099999999971 0.00000000099999999971 0.00000000099999999971 0.00000000099999999971 
0.00000000099999999977 0.00000000099999999977 0.00000000099999999977 0.00000000099999999977 0.99999999100000014352 0.00000000099999999977 0.00000000099999999977 0.00000000099999999977 0.00000000099999999977 0.00000000099999999977 
0.00000000099999999988 0.00000000099999999988 0.00000000099999999988 0.00000000099999999988 0.99999999100000014352 0.00000000099999999988 0.00000000099999999988 0.00000000099999999988 0.00000000099999999988 0.00000000099999999988 
0.00000000099999999961 0.00000000099999999961 0.00000000099999999961 0.00000000099999999961 0.99999999100000003249 0.00000000099999999961 0.00000000099999999961 0.00000000099999999961 0.00000000099999999961 0.00000000099999999961 
0.00000000099999999980 0.00000000099999999980 0.00000000099999999980 0.00000000099999999980 0.00000000099999999980 0.00000000099999999980 0.99999999100000003249 0.00000000099999999980 0.00000000099999999980 0.00000000099999999980 
0.00000000099999999978 0.00000000099999999978 0.00000000099999999978 0.00000000099999999978 0.00000000099999999978 0.00000000099999999978 0.99999999099999992147 0.00000000099999999978 0.00000000099999999978 0.00000000099999999978 
0.00000000099999999980 0.00000000099999999980 0.00000000099999999980 0.00000000099999999980 0.00000000099999999980 0.00000000099999999980 0.99999999100000003249 0.00000000099999999980 0.00000000099999999980 0.00000000099999999980 
0.00000000099999999983 0.00000000099999999983 0.00000000099999999983 0.00000000099999999983 0.00000000099999999983 0.00000000099999999983 0.99999999099999992147 0.00000000099999999983 0.00000000099999999983 0.00000000099999999983 
0.00000000099999999972 0.00000000099999999972 0.00000000099999999972 0.00000000099999999972 0.00000000099999999972 0.00000000099999999972 0.99999999100000003249 0.00000000099999999972 0.00000000099999999972 0.00000000099999999972 
0.00000000099999999983 0.00000000099999999983 0.00000000099999999983 0.00000000099999999983 0.00000000099999999983 0.00000000099999999983 0.99999999100000003249 0.00000000099999999983 0.00000000099999999983 0.00000000099999999983 
0.00000000099999999984 0.00000000099999999984 0.00000000099999999984 0.00000000099999999984 0.00000000099999999984 0.00000000099999999984 0.99999999099999992147 0.00000000099999999984 0.00000000099999999984 0.00000000099999999984 
0.00000000099999999987 0.00000000099999999987 0.00000000099999999987 0.00000000099999999987 0.00000000099999999987 0.00000000099999999987 0.99999999099999992147 0.00000000099999999987 0.00000000099999999987 0.00000000099999999987 
0.00000000099999999973 0.00000000099999999973 0.00000000099999999973 0.00000000099999999973 0.00000000099999999973 0.00000000099999999973 0.99999999100000003249 0.00000000099999999973 0.00000000099999999973 0.00000000099999999973 
0.00000000099999999980 0.00000000099999999980 0.00000000099999999980 0.00000000099999999980 0.00000000099999999980 0.00000000099999999980 0.99999999099999992147 0.00000000099999999980 0.00000000099999999980 0.00000000099999999980 
0.00000000099999999984 0.00000000099999999984 0.00000000099999999984 0.00000000099999999984 0.00000000099999999984 0.00000000099999999984 0.99999999100000003249 0.00000000099999999984 0.00000000099999999984 0.00000000099999999984 
0.00000000099999999984 0.00000000099999999984 0.00000000099999999984 0.00000000099999999984 0.00000000099999999984 0.00000000099999999984 0.99999999099999992147 0.00000000099999999984 0.00000000099999999984 0.00000000099999999984 
0.00000000099999999983 0.00000000099999999983 0.00000000099999999983 0.00000000099999999983 0.00000000099999999983 0.00000000099999999983 0.99999999100000003249 0.00000000099999999983 0.00000000099999999983 0.00000000099999999983 
0.00000000099999999985 0.00000000099999999985 0.06514498938800146466 0.00000000099999999985 0.00000000099999999985 0.00000000099999999985 0.00000000099999999985 0.00000000099999999985 0.93485500261199849792 0.00000000099999999985 
0.00000000099999999986 0.00000000099999999986 0.00000000099999999986 0.00000000099999999986 0.00000000099999999986 0.00000000099999999986 0.00000000099999999986 0.00000000099999999986 0.99999999099999992147 0.00000000099999999986 
0.00000000099999999977 0.00000000099999999977 0.00000000099999999977 0.00000000099999999977 0.00000000099999999977 0.00000000099999999977 0.00000000099999999977 0.00000000099999999977 0.99999999099999992147 0.00000000099999999977 
0.00000000099999999979 0.00000000099999999979 0.07483652253831596379 0.00000000099999999979 0.00000000099999999979 0.00000000099999999979 0.00000000099999999979 0.00000000099999999979 0.92516346946168404042 0.00000000099999999979 
0.00000000099999999984 0.00000000099999999984 0.00000000099999999984 0.00000000099999999984 0.00000000099999999984 0.00000000099999999984 0.00000000099999999984 0.00000000099999999984 0.99999999099999992147 0.00000000099999999984 
0.00000000099999999983 0.00000000099999999983 0.00000000099999999983 0.00000000099999999983 0.00000000099999999983 0.00000000099999999983 0.00000000099999999983 0.00000000099999999983 0.99999999100000003249 0.00000000099999999983 
0.00000000099999999982 0.00000000099999999982 0.07673879630115852668 0.00000000099999999982 0.00000000099999999982 0.00000000099999999982 0.00000000099999999982 0.00000000099999999982 0.92326119569884146365 0.00000000099999999982 
0.02039006017547549329 0.00000000099999999996 0.11042413311964656419 0.02468940887150172098 0.00000000099999999996 0.00000000099999999996 0.00000000099999999996 0.00000000099999999996 0.84449514810292003464 0.00000124473045631252 
0.00000000099999999980 0.00000000099999999980 0.00000000099999999980 0.00000000099999999980 0.00000000099999999980 0.00000000099999999980 0.00000000099999999980 0.00000000099999999980 0.99999999100000003249 0.00000000099999999980 
0.00000000099999999979 0.00000000099999999979 0.00000000099999999979 0.00000000099999999979 0.00000000099999999979 0.00000000099999999979 0.00000000099999999979 0.00000000099999999979 0.99999999099999992147 0.00000000099999999979 
0.00000000099999999984 0.00000000099999999984 0.00000000099999999984 0.00000000099999999984 0.00000000099999999984 0.00000000099999999984 0.00000000099999999984 0.00000000099999999984 0.99999999100000003249 0.00000000099999999984 
0.00000000099999999982 0.00000000099999999982 0.00000000099999999982 0.00000000099999999982 0.00000000099999999982 0.00000000099999999982 0.00000000099999999982 0.00000000099999999982 0.99999999100000003249 0.00000000099999999982 
0.00000000099999999983 0.00000000099999999983 0.00000000099999999983 0.00000000099999999983 0.00000000099999999983 0.00000000099999999983 0.00000000099999999983 0.00000000099999999983 0.99999999099999992147 0.00000000099999999983 
0.00000000099999999977 0.00000000099999999977 0.00000000099999999977 0.00000000099999999977 0.00000000099999999977 0.00000000099999999977 0.00000000099999999977 0.00000000099999999977 0.99999999100000003249 0.00000000099999999977 
0.00000000099999999983 0.00000000099999999983 0.00000000099999999983 0.00000000099999999983 0.00000000099999999983 0.00000000099999999983 0.00000000099999999983 0.00000000099999999983 0.99999999099999992147 0.00000000099999999983 
0.00000000099999999981 0.00000000099999999981 0.00000000099999999981 0.00000000099999999981 0.00000000099999999981 0.00000000099999999981 0.00000000099999999981 0.00000000099999999981 0.99999999099999992147 0.00000000099999999981 
0.00000000099999999981 0.00000000099999999981 0.00000000099999999981 0.00000000099999999981 0.00000000099999999981 0.00000000099999999981 0.00000000099999999981 0.00000000099999999981 0.99999999100000003249 0.00000000099999999981 
