0.00000000099999999976 0.00000000099999999976 0.00000000099999999976 0.00000000099999999976 0.00000000099999999976 0.00000000099999999976 0.99999999399999994765 
0.00000000099999999984 0.00000000099999999984 0.00000000099999999984 0.00000000099999999984 0.00000000099999999984 0.00000000099999999984 0.99999999400000005867 
0.00000000099999999981 0.00000000099999999981 0.00000000099999999981 0.00000000099999999981 0.00000000099999999981 0.00000000099999999981 0.99999999400000005867 
0.00000000099999999978 0.00000000099999999978 0.00000000099999999978 0.00000000099999999978 0.00000000099999999978 0.00000000099999999978 0.99999999399999994765 
0.00000000099999999988 0.00000000099999999988 0.00000000099999999988 0.00000000099999999988 0.00000000099999999988 0.00000000099999999988 0.99999999400000005867 
0.00000000099999999974 0.00000000099999999974 0.00000000099999999974 0.00000000099999999974 0.00000000099999999974 0.00000000099999999974 0.99999999399999994765 
0.00000000099999999978 0.00000000099999999978 0.00000000099999999978 0.00000000099999999978 0.00000000099999999978 0.00000000099999999978 0.99999999400000005867 
0.00000000099999999974 0.00000000099999999974 0.00000000099999999974 0.00000000099999999974 0.00000000099999999974 0.00000000099999999974 0.99999999400000005867 
0.00000000099999999973 0.00000000099999999973 0.00000000099999999973 0.00000000099999999973 0.00000000099999999973 0.00000000099999999973 0.99999999399999994765 
0.00000000099999999986 0.00000000099999999986 0.00000000099999999986 0.00000000099999999986 0.00000000099999999986 0.00000000099999999986 0.99999999400000005867 
0.00000000099999999997 0.00000000099999999997 0.98363434817505135399 0.01607648830847428073 0.00000000099999999997 0.00000000099999999997 0.00028915951647435860 
0.00000000099999999990 0.00000000099999999990 0.99999999400000005867 0.00000000099999999990 0.00000000099999999990 0.00000000099999999990 0.00000000099999999990 
0.00000000099999999998 0.01381522322815866705 0.97240816823002451663 0.00000000099999999998 0.00000000099999999998 0.00000000099999999998 0.01377660454181703700 
0.00000000099999999995 0.00000000099999999995 0.97825433767134328811 0.00000000099999999995 0.00000000099999999995 0.00000000099999999995 0.02174565732865677004 
0.00000000099999999996 0.00000000099999999996 0.99682663510566948961 0.00000000099999999996 0.00317335989433056983 0.00000000099999999996 0.00000000099999999996 
0.00000000099999999994 0.00000000099999999994 0.98813883799545654263 0.00000000099999999994 0.00000000099999999994 0.00000000099999999994 0.01186115700454349643 
0.00000000099999999997 0.00000000099999999997 0.97421733642841235046 0.00000000099999999997 0.01967290932788319166 0.00000000099999999997 0.00610975024370442876 
0.00000000099999999995 0.00000000099999999995 0.99999999400000005867 0.00000000099999999995 0.00000000099999999995 0.00000000099999999995 0.00000000099999999995 
0.00000000099999999996 0.00000000099999999996 0.99999999400000005867 0.00000000099999999996 0.00000000099999999996 0.00000000099999999996 0.00000000099999999996 
0.00000000099999999999 0.00000000099999999999 0.95972656878780016054 0.01040308635351676510 0.00103692496841461482 0.00000000099999999999 0.02883341689026851923 
0.00000000099999999996 0.00000000099999999996 0.99999999400000005867 0.00000000099999999996 0.00000000099999999996 0.00000000099999999996 0.00000000099999999996 
0.00000000099999999996 0.00126865240494469225 0.99865434856851276191 0.00000000099999999996 0.00007699502654254167 0.00000000099999999996 0.00000000099999999996 
0.00000000099999999992 0.00000000099999999992 0.99999999399999994765 0.00000000099999999992 0.00000000099999999992 0.00000000099999999992 0.00000000099999999992 
0.00000000099999999994 0.00000000099999999994 0.99999999400000005867 0.00000000099999999994 0.00000000099999999994 0.00000000099999999994 0.00000000099999999994 
0.00636087683069586421 0.11484579752245606399 0.87879332164684809126 0.00000000099999999996 0.00000000099999999996 0.00000000099999999996 0.00000000099999999996 
0.01674319079812851968 0.00000000099999999998 0.93409190999081881390 0.02927687877729940463 0.01988801743375322173 0.00000000099999999998 0.00000000099999999998 
0.00000000099999999996 0.00000019562027695697 0.99843791672138981763 0.00000000099999999996 0.00000000099999999996 0.00000000099999999996 0.00156188365833323344 
0.01303889944846630018 0.00000000099999999996 0.98696109555153377357 0.00000000099999999996 0.00000000099999999996 0.00000000099999999996 0.00000000099999999996 
0.00000000099999999996 0.00000000099999999996 0.96978913267819333299 0.00000000099999999996 0.02932310233398051705 0.00088776098782624867 0.00000000099999999996 
0.02102470953101029730 0.00000000099999999998 0.93684152479037297034 0.04213376167861678651 0.00000000099999999998 0.00000000099999999998 0.00000000099999999998 
0.00000000099999999997 0.00000000099999999997 0.93011541690386767556 0.06752337560594780241 0.00000000099999999997 0.00236120349018441615 0.00000000099999999997 
0.00000000099999999998 0.00000000099999999998 0.97038414619663893035 0.00000000099999999998 0.00907589426062966470 0.00000000099999999998 0.02053995554273126481 
0.00000000099999999995 0.00000000099999999995 0.99999163545410818532 0.00000000099999999995 0.00000835954589183541 0.00000000099999999995 0.00000000099999999995 
0.00000000099999999996 0.00000000099999999996 0.99999999400000005867 0.00000000099999999996 0.00000000099999999996 0.00000000099999999996 0.00000000099999999996 
0.00000000099999999998 0.00000000099999999998 0.90131573038612522453 0.00000000099999999998 0.00000000099999999998 0.05177771058480945543 0.04690655502906523888 
0.01359751227543948802 0.00000000099999999999 0.91318859813798580749 0.00000000099999999999 0.01216619598697062966 0.03059820666433023251 0.03044948493527399602 
0.00000000099999999998 0.00000000099999999998 0.99664144792760056557 0.00000000099999999998 0.00000000099999999998 0.00000000099999999998 0.00335854707239945094 
0.00000000099999999999 0.01188897723940356491 0.94876892370318077763 0.00000000099999999999 0.00017829115598950917 0.00000000099999999999 0.03916380490142615245 
0.02270491850398336647 0.00000000099999999998 0.96964953580901358521 0.00764554168700309206 0.00000000099999999998 0.00000000099999999998 0.00000000099999999998 
0.00000000099999999993 0.00000000099999999993 0.99999999399999994765 0.00000000099999999993 0.00000000099999999993 0.00000000099999999993 0.00000000099999999993 
0.00000000099999999997 0.00000000099999999997 0.95278939330530976193 0.04721060169469010193 0.00000000099999999997 0.00000000099999999997 0.00000000099999999997 
0.00000000099999999997 0.00601348567048115654 0.95532720882373667326 0.01188472140734452877 0.00000000099999999997 0.00000000099999999997 0.02677458109843761092 
0.00000000099999999994 0.00000000099999999994 0.97954942047671311744 0.00000000099999999994 0.02045057452328685049 0.00000000099999999994 0.00000000099999999994 
0.00000000099999999996 0.00000000099999999996 0.93467833601605754268 0.00000000099999999996 0.04443262625623157352 0.00000000099999999996 0.02088903372771094488 
0.00000000099999999998 0.00000000099999999998 0.99999998461662154003 0.00000001038337846210 0.00000000099999999998 0.00000000099999999998 0.00000000099999999998 
0.01930939672827771889 0.00000000099999999996 0.98069059827172233579 0.00000000099999999996 0.00000000099999999996 0.00000000099999999996 0.00000000099999999996 
0.00000000099999999996 0.02289928784670666392 0.97710070715329333524 0.00000000099999999996 0.00000000099999999996 0.00000000099999999996 0.00000000099999999996 
0.00186761763580442996 0.01381932741255758462 0.90371353147179922516 0.00579248116554873915 0.03624855350256177972 0.01968843091427402783 0.01887005789745412054 
0.00000000099999999978 0.00000000099999999978 0.00000000099999999978 0.00000000099999999978 0.99999999399999994765 0.00000000099999999978 0.00000000099999999978 
0.00000000099999999979 0.00000000099999999979 0.00000000099999999979 0.00000000099999999979 0.99999999399999994765 0.00000000099999999979 0.00000000099999999979 
0.00000000099999999979 0.00000000099999999979 0.00000000099999999979 0.00000000099999999979 0.99999999399999994765 0.00000000099999999979 0.00000000099999999979 
0.00000000099999999981 0.00000000099999999981 0.00000000099999999981 0.00000000099999999981 0.99999999399999994765 0.00000000099999999981 0.00000000099999999981 
0.00000000099999999974 0.00000000099999999974 0.00000000099999999974 0.00000000099999999974 0.99999999399999994765 0.00000000099999999974 0.00000000099999999974 
0.00000000099999999977 0.00000000099999999977 0.00000000099999999977 0.00000000099999999977 0.99999999399999994765 0.00000000099999999977 0.00000000099999999977 
0.00000000099999999978 0.00000000099999999978 0.00000000099999999978 0.00000000099999999978 0.99999999400000005867 0.00000000099999999978 0.00000000099999999978 
0.00000000099999999989 0.00000000099999999989 0.00000000099999999989 0.00000000099999999989 0.99999999399999994765 0.00000000099999999989 0.00000000099999999989 
0.00000000099999999978 0.00000000099999999978 0.00000000099999999978 0.00000000099999999978 0.99999999400000005867 0.00000000099999999978 0.00000000099999999978 
0.00000000099999999993 0.00000000099999999993 0.00000000099999999993 0.00721202283969740818 0.99278797216030267858 0.00000000099999999993 0.00000000099999999993 
0.00000000099999999996 0.00000000099999999996 0.00000000099999999996 0.00000000099999999996 0.99999999399999994765 0.00000000099999999996 0.00000000099999999996 
0.00000000099999999987 0.00000000099999999987 0.00000000099999999987 0.00000000099999999987 0.99999999400000005867 0.00000000099999999987 0.00000000099999999987 
0.00000000099999999991 0.00000000099999999991 0.00000000099999999991 0.00000000099999999991 0.99999999400000005867 0.00000000099999999991 0.00000000099999999991 
0.00000000099999999998 0.00000000099999999998 0.93157338074919782134 0.00000265821335171709 0.00000000099999999998 0.01911992142005675133 0.04930403661739363869 
0.00000000099999999997 0.00000000099999999997 0.95123380251227251936 0.00000000099999999997 0.01377579890531089798 0.03499039458241658129 0.00000000099999999997 
0.03511040334770434979 0.00000000099999999998 0.92360216461762911777 0.00000000099999999998 0.02028764445947787987 0.02099978457518872008 0.00000000099999999998 
0.00000000099999999998 0.00000000099999999998 0.95794675288956177006 0.00000935673540993652 0.00000000099999999998 0.04204388637502809445 0.00000000099999999998 
0.00000000099999999997 0.00000000099999999997 0.78692543155702054936 0.06523193717132153013 0.07643246500507709651 0.07141016326658070068 0.00000000099999999997 
0.00000000384056424903 0.00000000099999999997 0.97115836033463376342 0.00000000099999999997 0.00000000099999999997 0.02015701251385490847 0.00868462031094703255 
0.01575269499006450025 0.00000000100000000000 0.90800331743165563214 0.00647696843089568767 0.00160083616407684891 0.03268146353907286361 0.03548471844423439769 
0.00000000099999999995 0.00000000099999999995 0.96578695131748926173 0.00000000099999999995 0.03421304368251069927 0.00000000099999999995 0.00000000099999999995 
0.00000000099999999997 0.00000000099999999997 0.95565562852829533114 0.00269134496272956407 0.04165302250897507524 0.00000000099999999997 0.00000000099999999997 
0.00899219853249784776 0.13928861608957635032 0.77967495472256842515 0.00000000099999999999 0.05129304760649713163 0.00000000099999999999 0.02075118104886031559 
0.00000000099999999994 0.00000000099999999994 0.99999999400000005867 0.00000000099999999994 0.00000000099999999994 0.00000000099999999994 0.00000000099999999994 
0.00000000099999999991 0.00000000099999999991 0.00000000099999999991 0.00000000099999999991 0.00000000099999999991 0.99999999400000005867 0.00000000099999999991 
0.00000000099999999986 0.00000000099999999986 0.00000000099999999986 0.00000000099999999986 0.00000000099999999986 0.99999999400000005867 0.00000000099999999986 
0.00000000099999999988 0.00000000099999999988 0.00000000099999999988 0.00000000099999999988 0.00000000099999999988 0.99999999399999994765 0.00000000099999999988 
0.00000000099999999989 0.00000000099999999989 0.00000000099999999989 0.00000000099999999989 0.00000000099999999989 0.99999999399999994765 0.00000000099999999989 
0.00000000099999999995 0.00000000099999999995 0.00000000099999999995 0.00000000099999999995 0.00000000099999999995 0.99999999400000005867 0.00000000099999999995 
0.00000000099999999985 0.00000000099999999985 0.00000000099999999985 0.00000000099999999985 0.00000000099999999985 0.99999999400000005867 0.00000000099999999985 
0.00000000099999999989 0.00000000099999999989 0.00000000099999999989 0.00000000099999999989 0.00000000099999999989 0.99999999399999994765 0.00000000099999999989 
0.00000000099999999998 0.06551009475674672566 0.00000000099999999998 0.02522389292838714270 0.00000000099999999998 0.90251795227094078200 0.00674805704392549260 
0.00000000099999999985 0.00000000099999999985 0.00000000099999999985 0.00000000099999999985 0.00000000099999999985 0.99999999400000005867 0.00000000099999999985 
0.00000000099999999990 0.00000000099999999990 0.00000000099999999990 0.00000000099999999990 0.00000000099999999990 0.99999999400000005867 0.00000000099999999990 
0.00000000099999999991 0.00000000099999999991 0.00000000099999999991 0.00000000099999999991 0.00000000099999999991 0.99999999400000005867 0.00000000099999999991 
0.00000000099999999994 0.04736410654061937869 0.00000000099999999994 0.00000000099999999994 0.00000000099999999994 0.95263588845938051985 0.00000000099999999994 
0.00000000099999999992 0.00000000099999999992 0.00000000099999999992 0.00000000099999999992 0.00000000099999999992 0.99999999400000005867 0.00000000099999999992 
0.00000000099999999984 0.00000000099999999984 0.00000000099999999984 0.00000000099999999984 0.00000000099999999984 0.99999999399999994765 0.00000000099999999984 
0.00000000099999999985 0.00000000099999999985 0.00000000099999999985 0.00000000099999999985 0.00000000099999999985 0.99999999400000005867 0.00000000099999999985 
0.00000000099999999986 0.00000000099999999986 0.00000000099999999986 0.00000000099999999986 0.00000000099999999986 0.99999999399999994765 0.00000000099999999986 
0.00000000099999999986 0.00000000099999999986 0.00000000099999999986 0.00000000099999999986 0.00000000099999999986 0.99999999400000005867 0.00000000099999999986 
0.00000000099999999987 0.00000000099999999987 0.00000000099999999987 0.99999999399999994765 0.00000000099999999987 0.00000000099999999987 0.00000000099999999987 
0.00000000099999999989 0.00000000099999999989 0.00000000099999999989 0.99999999399999994765 0.00000000099999999989 0.00000000099999999989 0.00000000099999999989 
0.00000000099999999997 0.00000000099999999997 0.00000000099999999997 0.88891446405216512083 0.00000000099999999997 0.05155851383977581859 0.05952701810805911126 
0.00000000099999999982 0.00000000099999999982 0.00000000099999999982 0.99999999400000005867 0.00000000099999999982 0.00000000099999999982 0.00000000099999999982 
0.00000000099999999992 0.00000000099999999992 0.00000000099999999992 0.99999999400000005867 0.00000000099999999992 0.00000000099999999992 0.00000000099999999992 
0.00000000099999999996 0.00000000099999999996 0.00000000099999999996 0.98247965344551435596 0.00000000099999999996 0.01752034155448555994 0.00000000099999999996 
0.00000000099999999988 0.00000000099999999988 0.00000000099999999988 0.99999999399999994765 0.00000000099999999988 0.00000000099999999988 0.00000000099999999988 
0.00000000099999999993 0.00000000099999999993 0.00000000099999999993 0.98780163034168788627 0.01219836465831200187 0.00000000099999999993 0.00000000099999999993 
0.00000000099999999992 0.00000000099999999992 0.02839022144881463844 0.97160977355118538501 0.00000000099999999992 0.00000000099999999992 0.00000000099999999992 
0.00000000099999999986 0.00000000099999999986 0.00000000099999999986 0.98808527732438311553 0.00000000099999999986 0.01191471767561681251 0.00000000099999999986 
0.00000000099999999989 0.00000000099999999989 0.00000000099999999989 0.99999999399999994765 0.00000000099999999989 0.00000000099999999989 0.00000000099999999989 
0.00000000099999999992 0.00000000099999999992 0.00000000099999999992 0.99999999399999994765 0.00000000099999999992 0.00000000099999999992 0.00000000099999999992 
0.00000000099999999995 0.00000000099999999995 0.00000000099999999995 0.93707877551066165456 0.00000000099999999995 0.00000000099999999995 0.06292121948933843134 
0.00000000099999999993 0.00000000099999999993 0.00000000099999999993 0.98919871110460089181 0.01080128389539906919 0.00000000099999999993 0.00000000099999999993 
0.00000000099999999996 0.01341972063431202435 0.00000000099999999996 0.93989297945805228007 0.00823199015076329747 0.03845530675687234418 0.00000000099999999996 
0.00000000099999999989 0.00000000099999999989 0.00000000099999999989 0.99999999399999994765 0.00000000099999999989 0.00000000099999999989 0.00000000099999999989 
0.00000000099999999991 0.00000000099999999991 0.00000000099999999991 0.95378284222675591142 0.00000000099999999991 0.04621715277324396631 0.00000000099999999991 
0.00000000099999999988 0.00000000099999999988 0.00000000099999999988 0.99999999400000005867 0.00000000099999999988 0.00000000099999999988 0.00000000099999999988 
0.00000000099999999988 0.00000000099999999988 0.00000000099999999988 0.99999999399999994765 0.00000000099999999988 0.00000000099999999988 0.00000000099999999988 
0.00000000099999999989 0.00000000099999999989 0.00000000099999999989 0.99999999399999994765 0.00000000099999999989 0.00000000099999999989 0.00000000099999999989 
0.00000000099999999994 0.00000000099999999994 0.00000000099999999994 0.98485142139597259270 0.00000000099999999994 0.00000000099999999994 0.01514857360402745330 
0.00000000099999999993 0.00000000099999999993 0.00000000099999999993 0.99793883553089757221 0.00206115946910234498 0.00000000099999999993 0.00000000099999999993 
0.00000000099999999988 0.00000000099999999988 0.00000000099999999988 0.99999999400000005867 0.00000000099999999988 0.00000000099999999988 0.00000000099999999988 
0.00000000099999999987 0.00000000099999999987 0.00000000099999999987 0.99999999399999994765 0.00000000099999999987 0.00000000099999999987 0.00000000099999999987 
0.00000000099999999984 0.00000000099999999984 0.00000000099999999984 0.99999999399999994765 0.00000000099999999984 0.00000000099999999984 0.00000000099999999984 
0.00000000099999999995 0.00000000099999999995 0.03647613391635533275 0.96352386108364462824 0.00000000099999999995 0.00000000099999999995 0.00000000099999999995 
0.00000000099999999985 0.00000000099999999985 0.00000000099999999985 0.99999999399999994765 0.00000000099999999985 0.00000000099999999985 0.00000000099999999985 
0.00000000099999999995 0.00000000099999999995 0.00342022175484784372 0.98868914027756826801 0.00000000099999999995 0.00789063396758398795 0.00000000099999999995 
0.00000000099999999985 0.00000000099999999985 0.00000000099999999985 0.99999999399999994765 0.00000000099999999985 0.00000000099999999985 0.00000000099999999985 
0.00000000099999999992 0.00000000099999999992 0.00000000099999999992 0.99999999399999994765 0.00000000099999999992 0.00000000099999999992 0.00000000099999999992 
0.00000000099999999997 0.82601857328494399102 0.12112788185699731314 0.04109868656426991090 0.00000000099999999997 0.00000000099999999997 0.01175485529378884550 
0.00000000100000000000 0.67748780774729355780 0.09070030659631403425 0.12156979226328652743 0.06665257304593240339 0.03165086537138928069 0.01193865397578431665 
0.00000000099999999997 0.68697055404255225053 0.11818068828915187507 0.11495229519795019391 0.00000000099999999997 0.07989645947034568207 0.00000000099999999997 
0.00000000099999999999 0.74847862121015429349 0.06549925369962164567 0.06410524020455958538 0.03909799832536643704 0.05836602809575520273 0.02445285746454288478 
0.00000000099999999998 0.70650630542904868658 0.16854688877283888204 0.06891505317252803742 0.03382945614345664320 0.00353493235713018715 0.01866736312499767819 
0.00000000099999999998 0.76127896193111133094 0.10004165644095575072 0.08529404888204615565 0.00000000099999999998 0.05338532974588668795 0.00000000099999999998 
0.00000000099999999998 0.72101560452660462541 0.14963039466392760724 0.03091041159523031170 0.04807161683971826471 0.05037197037451921627 0.00000000099999999998 
0.00000000099999999998 0.70630750905314165777 0.12559519353354348103 0.10598474869672271093 0.00000000099999999998 0.04330948256544248781 0.01880306415114979188 
0.00000000099999999999 0.61880383165832542058 0.18753461929994585944 0.08139209550359990941 0.02620037279451081433 0.07069866357216741948 0.01537041617145071780 
0.00000000099999999999 0.62893499361992311059 0.15308754497054649635 0.10308611468596137750 0.00000000099999999999 0.06919846919278981046 0.04569287553077936576 
0.00000000099999999998 0.81330477628667152690 0.09550848522012037045 0.06335966513863527938 0.00000000099999999998 0.02782707035457285955 0.00000000099999999998 
0.00000000099999999997 0.69517546195406476617 0.17058478178285721438 0.00074785352644708421 0.00000000099999999997 0.13349189973663094788 0.00000000099999999997 
0.99999999400000016969 0.00000000099999999989 0.00000000099999999989 0.00000000099999999989 0.00000000099999999989 0.00000000099999999989 0.00000000099999999989 
0.99999999400000005867 0.00000000099999999974 0.00000000099999999974 0.00000000099999999974 0.00000000099999999974 0.00000000099999999974 0.00000000099999999974 
0.99999999400000005867 0.00000000099999999974 0.00000000099999999974 0.00000000099999999974 0.00000000099999999974 0.00000000099999999974 0.00000000099999999974 
0.99999999400000005867 0.00000000099999999980 0.00000000099999999980 0.00000000099999999980 0.00000000099999999980 0.00000000099999999980 0.00000000099999999980 
0.99999999400000005867 0.00000000099999999977 0.00000000099999999977 0.00000000099999999977 0.00000000099999999977 0.00000000099999999977 0.00000000099999999977 
0.99999999400000005867 0.00000000099999999987 0.00000000099999999987 0.00000000099999999987 0.00000000099999999987 0.00000000099999999987 0.00000000099999999987 
0.99999999400000016969 0.00000000099999999981 0.00000000099999999981 0.00000000099999999981 0.00000000099999999981 0.00000000099999999981 0.00000000099999999981 
0.99999999400000016969 0.00000000099999999968 0.00000000099999999968 0.00000000099999999968 0.00000000099999999968 0.00000000099999999968 0.00000000099999999968 
0.99999999400000016969 0.00000000099999999980 0.00000000099999999980 0.00000000099999999980 0.00000000099999999980 0.00000000099999999980 0.00000000099999999980 
0.99999999400000005867 0.00000000099999999984 0.00000000099999999984 0.00000000099999999984 0.00000000099999999984 0.00000000099999999984 0.00000000099999999984 
0.99999999400000016969 0.00000000099999999992 0.00000000099999999992 0.00000000099999999992 0.00000000099999999992 0.00000000099999999992 0.00000000099999999992 
0.99999999400000005867 0.00000000099999999974 0.00000000099999999974 0.00000000099999999974 0.00000000099999999974 0.00000000099999999974 0.00000000099999999974 
0.00000000099999999989 0.99999999400000005867 0.00000000099999999989 0.00000000099999999989 0.00000000099999999989 0.00000000099999999989 0.00000000099999999989 
0.00000000099999999985 0.99999999400000005867 0.00000000099999999985 0.00000000099999999985 0.00000000099999999985 0.00000000099999999985 0.00000000099999999985 
0.00000000099999999986 0.99999999400000016969 0.00000000099999999986 0.00000000099999999986 0.00000000099999999986 0.00000000099999999986 0.00000000099999999986 
0.00000000099999999993 0.99999999400000005867 0.00000000099999999993 0.00000000099999999993 0.00000000099999999993 0.00000000099999999993 0.00000000099999999993 
0.00000000099999999984 0.99999999400000016969 0.00000000099999999984 0.00000000099999999984 0.00000000099999999984 0.00000000099999999984 0.00000000099999999984 
0.00000000099999999996 0.98278672414223611220 0.00000000099999999996 0.00000000099999999996 0.00000000099999999996 0.01721327085776396329 0.00000000099999999996 
0.00000000099999999989 0.99999999400000005867 0.00000000099999999989 0.00000000099999999989 0.00000000099999999989 0.00000000099999999989 0.00000000099999999989 
0.03354495668561540550 0.96645503831438461795 0.00000000099999999993 0.00000000099999999993 0.00000000099999999993 0.00000000099999999993 0.00000000099999999993 
0.00000000099999999989 0.99999999400000005867 0.00000000099999999989 0.00000000099999999989 0.00000000099999999989 0.00000000099999999989 0.00000000099999999989 
0.00000000099999999988 0.99999999400000005867 0.00000000099999999988 0.00000000099999999988 0.00000000099999999988 0.00000000099999999988 0.00000000099999999988 
0.00906461060952541871 0.99093538439047457178 0.00000000099999999993 0.00000000099999999993 0.00000000099999999993 0.00000000099999999993 0.00000000099999999993 
0.02469568713073365049 0.97530430786926647357 0.00000000099999999990 0.00000000099999999990 0.00000000099999999990 0.00000000099999999990 0.00000000099999999990 
0.00000000099999999990 0.99999999400000005867 0.00000000099999999990 0.00000000099999999990 0.00000000099999999990 0.00000000099999999990 0.00000000099999999990 
0.00000000099999999992 0.00000000099999999992 0.00000000099999999992 0.86735726153089343082 0.00000000099999999992 0.00000000099999999992 0.13264273346910651630 
0.00000000099999999993 0.10107622829664296427 0.00000000099999999993 0.76962255551306313350 0.00000000099999999993 0.00000000099999999993 0.12930121219029394597 
0.00000000099999999989 0.00000000099999999989 0.00000000099999999989 0.88714592315332285732 0.00000000099999999989 0.00000000099999999989 0.11285407184667714531 
0.00000000099999999991 0.00000000099999999991 0.00000000099999999991 0.89245704680111770379 0.00000000099999999991 0.00000000099999999991 0.10754294819888235435 
0.00000000099999999990 0.06429055814100373412 0.00000000099999999990 0.79703144304999851144 0.00000000099999999990 0.00000000099999999990 0.13867799480899778430 
0.00000000099999999992 0.00172581633468685681 0.00000000099999999992 0.85507938349636358755 0.00000000099999999992 0.00000000099999999992 0.14319479616894961738 
0.00000000099999999996 0.00000000099999999996 0.00000000099999999996 0.92465218812593741315 0.00000000099999999996 0.00000000099999999996 0.07534780687406270050 
0.00000000099999999996 0.03899380921638467834 0.00000000099999999996 0.82181525884428874296 0.00000000099999999996 0.00000000099999999996 0.13919092793932666408 
0.00000000099999999990 0.00000000099999999990 0.00000000099999999990 0.82538283616990926195 0.00000000099999999990 0.00000000099999999990 0.17461715883009074068 
0.00000000099999999993 0.03355470349563428878 0.00000000099999999993 0.79971767554589157090 0.00000000099999999993 0.00000000099999999993 0.16672761695847407304 
0.00000000099999999993 0.01518159543704078289 0.00000000099999999993 0.86261525515729808866 0.00000000099999999993 0.00000000099999999993 0.12220314540566115658 
0.00000000099999999991 0.00000000099999999991 0.00000000099999999991 0.86185020346931451307 0.00000000099999999991 0.00000000099999999991 0.13814979153068568385 
0.01480414731892352835 0.00000000099999999996 0.00000000099999999996 0.85632628063794824502 0.00000000099999999996 0.00000000099999999996 0.12886956804312810210 
0.00000000099999999989 0.01982381566737553141 0.00000000099999999989 0.90519434256384490034 0.00000000099999999989 0.00000000099999999989 0.07498183776877974382 
0.00335965750271884989 0.00000000099999999995 0.00000000099999999995 0.85209388009468844949 0.00000000099999999995 0.00000000099999999995 0.14454645840259272571 
0.00000000099999999993 0.07178995319891086357 0.00000000099999999993 0.84026112664532404128 0.00000000099999999993 0.00000000099999999993 0.08794891615576504174 
0.00000000099999999993 0.01548458189571657977 0.00000000099999999993 0.84529335182807707749 0.00000000099999999993 0.00000000099999999993 0.13922206227620656516 
0.00000000099999999991 0.02673249081412878286 0.00000000099999999991 0.84392372478694888116 0.00000000099999999991 0.00000000099999999991 0.12934378039892246992 
0.00000000099999999993 0.02683546103523070520 0.00000000099999999993 0.87092155197634246733 0.00000000099999999993 0.00000000099999999993 0.10224298298842683652 
0.00033750171818486773 0.76603705945946132250 0.05151610178997340084 0.00000000100000000000 0.00000016997342252718 0.01381899315970297297 0.16829017289925479739 
0.00000000099999999999 0.58422262588138784700 0.29299653730071167912 0.02183867285472463476 0.00000000099999999999 0.01022431465606789963 0.09071784730710796829 
0.00000000099999999999 0.73579737764245001230 0.00000000099999999999 0.03826401338686687831 0.03026256845761890121 0.03765888087114196980 0.15801715764192236779 
0.00000000099999999998 0.71275710740912090468 0.00000000099999999998 0.09806219651538938820 0.00407419706477824342 0.00000000099999999998 0.18510649601071166304 
0.05841200153226342590 0.65830633704840468834 0.04647988359760753946 0.03114517214563989125 0.00000000099999999999 0.07874640744481839483 0.12691019723126614749 
0.00000000099999999998 0.65734693579616143566 0.09239643692991947321 0.06523333964816661890 0.00000000099999999998 0.02494139478703041868 0.16008189083872209624 
0.00231523904601016808 0.69305570691143492112 0.07526979107606671104 0.03842078289426536369 0.03376636641853586474 0.00392304890892502655 0.15324906474476188145 
0.06705486526374729306 0.68576672583961040264 0.02251542448679827446 0.05510983708034221384 0.00000000099999999999 0.02254359154908299606 0.14700955478041882740 
0.00000000099999999998 0.69147402715241124138 0.11076307044507500976 0.01868761611223653321 0.00000000099999999998 0.00000000099999999998 0.17907528329027722069 
0.02783993438947674967 0.58674299366012849788 0.07379383765164658493 0.10153379992537954479 0.00000000100000000000 0.06045629995300257770 0.14963313342036613229 
0.03060418567725408170 0.72330233363886942133 0.11583183112394096481 0.00000000099999999999 0.00000000099999999999 0.00000000099999999999 0.13026164655993560659 
0.03202172238626255218 0.68147298365699349176 0.01222820248689686536 0.08518681971246480633 0.00000000100000000000 0.00000000100000000000 0.18909026975738243981 
0.02656650723111428011 0.66261654997997887495 0.00000034535432158862 0.14405144842528488924 0.00000000099999999999 0.00000151198171095759 0.16676363602758950688 
