0.00000000099999999968 0.00000000099999999968 0.00000000099999999968 0.00000000099999999968 0.00000000099999999968 0.00000000099999999968 0.99999999200000000421 0.00000000099999999968 0.00000000099999999968 
0.00000000099999999984 0.00000000099999999984 0.00000000099999999984 0.00000000099999999984 0.00000000099999999984 0.00000000099999999984 0.99999999200000000421 0.00000000099999999984 0.00000000099999999984 
0.00000000099999999977 0.00000000099999999977 0.00000000099999999977 0.00000000099999999977 0.00000000099999999977 0.00000000099999999977 0.99999999199999989319 0.00000000099999999977 0.00000000099999999977 
0.00000000099999999971 0.00000000099999999971 0.00000000099999999971 0.00000000099999999971 0.00000000099999999971 0.00000000099999999971 0.99999999200000000421 0.00000000099999999971 0.00000000099999999971 
0.00000000099999999985 0.00000000099999999985 0.00000000099999999985 0.00000000099999999985 0.00000000099999999985 0.00000000099999999985 0.99999999199999989319 0.00000000099999999985 0.00000000099999999985 
0.00000000099999999968 0.00000000099999999968 0.00000000099999999968 0.00000000099999999968 0.00000000099999999968 0.00000000099999999968 0.99999999200000000421 0.00000000099999999968 0.00000000099999999968 
0.00000000099999999973 0.00000000099999999973 0.00000000099999999973 0.00000000099999999973 0.00000000099999999973 0.00000000099999999973 0.99999999200000000421 0.00000000099999999973 0.00000000099999999973 
0.00000000099999999966 0.00000000099999999966 0.00000000099999999966 0.00000000099999999966 0.00000000099999999966 0.00000000099999999966 0.99999999199999989319 0.00000000099999999966 0.00000000099999999966 
0.00000000099999999963 0.00000000099999999963 0.00000000099999999963 0.00000000099999999963 0.00000000099999999963 0.00000000099999999963 0.99999999200000000421 0.00000000099999999963 0.00000000099999999963 
0.00000000099999999982 0.00000000099999999982 0.00000000099999999982 0.00000000099999999982 0.00000000099999999982 0.00000000099999999982 0.99999999199999989319 0.00000000099999999982 0.00000000099999999982 
0.96974140346469039908 0.00000000099999999996 0.00000000099999999996 0.00001293145543717982 0.00000000099999999996 0.03024565907987244659 0.00000000099999999996 0.00000000099999999996 0.00000000099999999996 
0.99999999200000022626 0.00000000099999999989 0.00000000099999999989 0.00000000099999999989 0.00000000099999999989 0.00000000099999999989 0.00000000099999999989 0.00000000099999999989 0.00000000099999999989 
0.95417689945247863292 0.00000000099999999998 0.00000000099999999998 0.00000000252013051179 0.00000000099999999998 0.00378376425279923359 0.00000000099999999998 0.04203932877459175960 0.00000000099999999998 
0.98842255171988280260 0.00000000099999999995 0.00000000099999999995 0.00000000099999999995 0.00000000099999999995 0.00000000099999999995 0.01157744128011744221 0.00000000099999999995 0.00000000099999999995 
0.99510739748307486252 0.00000000099999999996 0.00000000099999999996 0.00000000099999999996 0.00000000099999999996 0.00000000099999999996 0.00000000099999999996 0.00000000099999999996 0.00489259551692532504 
0.99386677769743747568 0.00000000099999999993 0.00000000099999999993 0.00000000099999999993 0.00000000099999999993 0.00000000099999999993 0.00613321530256268153 0.00000000099999999993 0.00000000099999999993 
0.97254455624145641490 0.00000000099999999997 0.00000000099999999997 0.00000000099999999997 0.00000000099999999997 0.00000000099999999997 0.00000027148223986540 0.00015924550213153353 0.02729592177417235893 
0.99335892007338810750 0.00000000099999999994 0.00664107292661196211 0.00000000099999999994 0.00000000099999999994 0.00000000099999999994 0.00000000099999999994 0.00000000099999999994 0.00000000099999999994 
0.99999999200000011523 0.00000000099999999995 0.00000000099999999995 0.00000000099999999995 0.00000000099999999995 0.00000000099999999995 0.00000000099999999995 0.00000000099999999995 0.00000000099999999995 
0.94626456943358583374 0.00000000099999999998 0.00000000099999999998 0.02750199254952467171 0.00000000099999999998 0.00000000099999999998 0.02585218601364112564 0.00000000099999999998 0.00038124700324852886 
0.99999999200000022626 0.00000000099999999995 0.00000000099999999995 0.00000000099999999995 0.00000000099999999995 0.00000000099999999995 0.00000000099999999995 0.00000000099999999995 0.00000000099999999995 
0.99107135127090095761 0.00000000099999999995 0.00000000099999999995 0.00000000099999999995 0.00000000099999999995 0.00000000099999999995 0.00000000099999999995 0.00889116391057455727 0.00003747881852472486 
0.99999999200000011523 0.00000000099999999990 0.00000000099999999990 0.00000000099999999990 0.00000000099999999990 0.00000000099999999990 0.00000000099999999990 0.00000000099999999990 0.00000000099999999990 
0.99999999200000022626 0.00000000099999999993 0.00000000099999999993 0.00000000099999999993 0.00000000099999999993 0.00000000099999999993 0.00000000099999999993 0.00000000099999999993 0.00000000099999999993 
0.86466157597927684186 0.00014397464817260424 0.00000000099999999995 0.00000000099999999995 0.00000000099999999995 0.00000000099999999995 0.00000000099999999995 0.13519444337255070998 0.00000000099999999995 
0.92754307484512499293 0.01723778513917729321 0.00000020094371151090 0.03624677080854906558 0.00000000099999999998 0.00000000099999999998 0.00000000099999999998 0.00000000099999999998 0.01897216426343715373 
0.97022103510761525946 0.00000000099999999992 0.02977895789238490035 0.00000000099999999992 0.00000000099999999992 0.00000000099999999992 0.00000000099999999992 0.00000000099999999992 0.00000000099999999992 
0.98461759077274280116 0.01538240222725728405 0.00000000099999999995 0.00000000099999999995 0.00000000099999999995 0.00000000099999999995 0.00000000099999999995 0.00000000099999999995 0.00000000099999999995 
0.96189535256755276382 0.00000000099999999996 0.00050008544681687890 0.00000000099999999996 0.00930123989496717957 0.00000000099999999996 0.00000000099999999996 0.00000000099999999996 0.02830331709066325613 
0.92896205640356155353 0.02354798854745634301 0.00000000099999999998 0.04748994904898224539 0.00000000099999999998 0.00000000099999999998 0.00000000099999999998 0.00000000099999999998 0.00000000099999999998 
0.91694312313814441140 0.00000000099999999998 0.00000000099999999998 0.08029568127119345033 0.00276118959066220040 0.00000000099999999998 0.00000000099999999998 0.00000000099999999998 0.00000000099999999998 
0.96146106800364328215 0.00000000099999999998 0.00000000099999999998 0.00000000099999999998 0.00000000099999999998 0.01240941275428549331 0.00471493876733542622 0.01181129667983503093 0.00960327979490092389 
0.99784141998174036292 0.00000000099999999994 0.00000000099999999994 0.00000000099999999994 0.00000000099999999994 0.00000000099999999994 0.00000000099999999994 0.00000000099999999994 0.00215857301825980643 
0.97627603204678004012 0.00000000099999999995 0.00000000099999999995 0.00000000099999999995 0.00000000099999999995 0.01123342865358211047 0.00000000099999999995 0.01249053329963800175 0.00000000099999999995 
0.88003070065782607045 0.00008472648797741474 0.00000000099999999996 0.03355283039568269371 0.04566194309349991265 0.00000000099999999996 0.04066979536501399289 0.00000000099999999996 0.00000000099999999996 
0.90680341838717459790 0.01536491401286279278 0.00000000099999999999 0.00000000099999999999 0.03353075057440684653 0.01041073970973371149 0.01771056531985605934 0.00225086731208499818 0.01392874268388093195 
0.95157681069183086553 0.00000000099999999994 0.00000000099999999994 0.00000000099999999994 0.00000000099999999994 0.00000000099999999994 0.00000000099999999994 0.04842318230816913122 0.00000000099999999994 
0.90600228003412819344 0.00000000099999999998 0.00000000099999999998 0.00000000099999999998 0.00000000099999999998 0.02269375685087821407 0.00010888780784701314 0.07119507030714675166 0.00000000099999999998 
0.95718533280153028642 0.02233812820515285527 0.00000000099999999998 0.00208310921564528210 0.00000000099999999998 0.01785239689045312397 0.00054102888721848633 0.00000000099999999998 0.00000000099999999998 
0.99999999200000011523 0.00000000099999999991 0.00000000099999999991 0.00000000099999999991 0.00000000099999999991 0.00000000099999999991 0.00000000099999999991 0.00000000099999999991 0.00000000099999999991 
0.93432897084585408987 0.00000000099999999996 0.00000000099999999996 0.06567102215414605260 0.00000000099999999996 0.00000000099999999996 0.00000000099999999996 0.00000000099999999996 0.00000000099999999996 
0.90537536714000665938 0.00000000099999999996 0.00000000099999999996 0.00256027781947621704 0.00000000099999999996 0.00000000099999999996 0.00000000099999999996 0.09206434904051727375 0.00000000099999999996 
0.97977691679536071945 0.00000000099999999993 0.00000000099999999993 0.00000000099999999993 0.00000000099999999993 0.00000000099999999993 0.00000000099999999993 0.00000000099999999993 0.02022307620463945077 
0.93314208046899926874 0.00000000099999999995 0.00000000099999999995 0.00000000099999999995 0.00000000099999999995 0.00000000099999999995 0.02250526173662558901 0.00000000099999999995 0.04435265179437523214 
0.98172306344789350696 0.00000000099999999997 0.00000000099999999997 0.00000000099999999997 0.00000000099999999997 0.01827692955210664938 0.00000000099999999997 0.00000000099999999997 0.00000000099999999997 
0.97670738414471014455 0.02329239266709654324 0.00000000099999999996 0.00000000099999999996 0.00000000099999999996 0.00000000099999999996 0.00000000099999999996 0.00000021718819343953 0.00000000099999999996 
0.96320148230521562827 0.00000000099999999996 0.00071483772326238440 0.00000000099999999996 0.00000000099999999996 0.00000000099999999996 0.00000000099999999996 0.03608367397152201228 0.00000000099999999996 
0.85680640504439997684 0.00000000099999999998 0.00000000099999999998 0.00000000099999999998 0.00901582401871769794 0.01091705926413828742 0.00000000099999999998 0.08829868916864321016 0.03496201850410085576 
0.00000000099999999971 0.00000000099999999971 0.00000000099999999971 0.00000000099999999971 0.00000000099999999971 0.00000000099999999971 0.00000000099999999971 0.00000000099999999971 0.99999999200000000421 
0.00000000099999999973 0.00000000099999999973 0.00000000099999999973 0.00000000099999999973 0.00000000099999999973 0.00000000099999999973 0.00000000099999999973 0.00000000099999999973 0.99999999199999989319 
0.00000000099999999973 0.00000000099999999973 0.00000000099999999973 0.00000000099999999973 0.00000000099999999973 0.00000000099999999973 0.00000000099999999973 0.00000000099999999973 0.99999999199999989319 
0.00000000099999999975 0.00000000099999999975 0.00000000099999999975 0.00000000099999999975 0.00000000099999999975 0.00000000099999999975 0.00000000099999999975 0.00000000099999999975 0.99999999200000000421 
0.00000000099999999967 0.00000000099999999967 0.00000000099999999967 0.00000000099999999967 0.00000000099999999967 0.00000000099999999967 0.00000000099999999967 0.00000000099999999967 0.99999999200000000421 
0.00000000099999999970 0.00000000099999999970 0.00000000099999999970 0.00000000099999999970 0.00000000099999999970 0.00000000099999999970 0.00000000099999999970 0.00000000099999999970 0.99999999200000000421 
0.00000000099999999971 0.00000000099999999971 0.00000000099999999971 0.00000000099999999971 0.00000000099999999971 0.00000000099999999971 0.00000000099999999971 0.00000000099999999971 0.99999999200000000421 
0.00000000099999999985 0.00000000099999999985 0.00000000099999999985 0.00000000099999999985 0.00000000099999999985 0.00000000099999999985 0.00000000099999999985 0.00000000099999999985 0.99999999200000000421 
0.00000000099999999971 0.00000000099999999971 0.00000000099999999971 0.00000000099999999971 0.00000000099999999971 0.00000000099999999971 0.00000000099999999971 0.00000000099999999971 0.99999999200000000421 
0.00000000099999999990 0.00000000099999999990 0.00000000099999999990 0.04257699459339438219 0.00000000099999999990 0.00000000099999999990 0.00000000099999999990 0.00000000099999999990 0.95742299840660571864 
0.00000000099999999994 0.00000000099999999994 0.00000000099999999994 0.00000000099999999994 0.00000000099999999994 0.00000000099999999994 0.00000000099999999994 0.00000000099999999994 0.99999999200000000421 
0.00000000099999999983 0.00000000099999999983 0.00000000099999999983 0.00000000099999999983 0.00000000099999999983 0.00000000099999999983 0.00000000099999999983 0.00000000099999999983 0.99999999199999989319 
0.00000000099999999989 0.00000000099999999989 0.00000000099999999989 0.00000000099999999989 0.00000000099999999989 0.00000000099999999989 0.00000000099999999989 0.00000000099999999989 0.99999999200000000421 
0.92474773433333312678 0.00000000099999999998 0.00001533742588255615 0.00640288571428915612 0.02181291848538215866 0.00408355728154969309 0.04293756375956332694 0.00000000099999999998 0.00000000099999999998 
0.94581020607939292333 0.00000000099999999995 0.00000000099999999995 0.00649925727062424744 0.03395657355259419641 0.00000000099999999995 0.00000000099999999995 0.00000000099999999995 0.01373395809738888439 
0.89751690237591752464 0.03294991866176643497 0.00000000099999999996 0.03441046329462096875 0.01798609299032637859 0.00000000099999999996 0.00000000099999999996 0.00000000099999999996 0.01713661867736875760 
0.94886565048095328212 0.00000000099999999998 0.00000000099999999998 0.00689667246544421134 0.04423767105360267016 0.00000000099999999998 0.00000000099999999998 0.00000000099999999998 0.00000000099999999998 
0.77051474289200982959 0.00000000099999999997 0.00000000099999999997 0.05351134341109983761 0.07190363860433120202 0.02944958952707039251 0.00000000099999999997 0.00000000099999999997 0.07462068156548905262 
0.96827826733465538478 0.00000000099999999997 0.00000000099999999997 0.00000000099999999997 0.02084366749365339222 0.00000000099999999997 0.01087805917169145688 0.00000000099999999997 0.00000000099999999997 
0.90999732020706913804 0.00653316261777587073 0.00000000099999999999 0.00000000099999999999 0.01557520616039136802 0.05574584937196673529 0.01201151490589933216 0.00000000099999999999 0.00013694373689771463 
0.96568556530903604251 0.00000000099999999994 0.00000000099999999994 0.00000000099999999994 0.00000000099999999994 0.00000000099999999994 0.00000000099999999994 0.00000000099999999994 0.03431442769096427342 
0.94124756640260687224 0.00000000099999999996 0.00000000099999999996 0.01936208907279380123 0.00000000099999999996 0.00000000099999999996 0.00000000099999999996 0.00000000099999999996 0.03939033852459953439 
0.76262067747101625059 0.00646164631721357803 0.04987944873841344828 0.00000000099999999998 0.00000000099999999998 0.00000237655811780259 0.00000000099999999998 0.13220960911798121384 0.04882623879725785099 
0.98478506154862832656 0.00000000099999999992 0.00000000099999999992 0.01521493145137192519 0.00000000099999999992 0.00000000099999999992 0.00000000099999999992 0.00000000099999999992 0.00000000099999999992 
0.00000000099999999988 0.00000000099999999988 0.00000000099999999988 0.00000000099999999988 0.99999999200000000421 0.00000000099999999988 0.00000000099999999988 0.00000000099999999988 0.00000000099999999988 
0.00000000099999999981 0.00000000099999999981 0.00000000099999999981 0.00000000099999999981 0.99999999200000000421 0.00000000099999999981 0.00000000099999999981 0.00000000099999999981 0.00000000099999999981 
0.00000000099999999984 0.00000000099999999984 0.00000000099999999984 0.00000000099999999984 0.99999999200000011523 0.00000000099999999984 0.00000000099999999984 0.00000000099999999984 0.00000000099999999984 
0.00000000099999999986 0.00000000099999999986 0.00000000099999999986 0.00000000099999999986 0.99999999200000011523 0.00000000099999999986 0.00000000099999999986 0.00000000099999999986 0.00000000099999999986 
0.00000000099999999994 0.00000000099999999994 0.00000000099999999994 0.00000000099999999994 0.99999999200000011523 0.00000000099999999994 0.00000000099999999994 0.00000000099999999994 0.00000000099999999994 
0.00000000099999999981 0.00000000099999999981 0.00000000099999999981 0.00000000099999999981 0.99999999200000000421 0.00000000099999999981 0.00000000099999999981 0.00000000099999999981 0.00000000099999999981 
0.00000000099999999985 0.00000000099999999985 0.00000000099999999985 0.00000000099999999985 0.99999999200000011523 0.00000000099999999985 0.00000000099999999985 0.00000000099999999985 0.00000000099999999985 
0.00000000099999999994 0.00000000099999999994 0.03148449595018498748 0.00000000099999999994 0.88034824294453872806 0.08816725510527621823 0.00000000099999999994 0.00000000099999999994 0.00000000099999999994 
0.00000000099999999981 0.00000000099999999981 0.00000000099999999981 0.00000000099999999981 0.99999999200000000421 0.00000000099999999981 0.00000000099999999981 0.00000000099999999981 0.00000000099999999981 
0.00000000099999999987 0.00000000099999999987 0.00000000099999999987 0.00000000099999999987 0.99999999200000011523 0.00000000099999999987 0.00000000099999999987 0.00000000099999999987 0.00000000099999999987 
0.00000000099999999988 0.00000000099999999988 0.00000000099999999988 0.00000000099999999988 0.99999999200000011523 0.00000000099999999988 0.00000000099999999988 0.00000000099999999988 0.00000000099999999988 
0.00000000099999999993 0.00000000099999999993 0.05396218074056069458 0.00383176232942208017 0.94220605093001730257 0.00000000099999999993 0.00000000099999999993 0.00000000099999999993 0.00000000099999999993 
0.00000000099999999990 0.00000000099999999990 0.00000000099999999990 0.00000000099999999990 0.99999999200000011523 0.00000000099999999990 0.00000000099999999990 0.00000000099999999990 0.00000000099999999990 
0.00000000099999999980 0.00000000099999999980 0.00000000099999999980 0.00000000099999999980 0.99999999200000011523 0.00000000099999999980 0.00000000099999999980 0.00000000099999999980 0.00000000099999999980 
0.00000000099999999980 0.00000000099999999980 0.00000000099999999980 0.00000000099999999980 0.99999999200000000421 0.00000000099999999980 0.00000000099999999980 0.00000000099999999980 0.00000000099999999980 
0.00000000099999999982 0.00000000099999999982 0.00000000099999999982 0.00000000099999999982 0.99999999200000000421 0.00000000099999999982 0.00000000099999999982 0.00000000099999999982 0.00000000099999999982 
0.00000000099999999982 0.00000000099999999982 0.00000000099999999982 0.00000000099999999982 0.99999999200000011523 0.00000000099999999982 0.00000000099999999982 0.00000000099999999982 0.00000000099999999982 
0.00000000099999999981 0.00000000099999999981 0.00000000099999999981 0.99999999200000011523 0.00000000099999999981 0.00000000099999999981 0.00000000099999999981 0.00000000099999999981 0.00000000099999999981 
0.00000000099999999987 0.00000000099999999987 0.00000000099999999987 0.91439542783109906132 0.00000000099999999987 0.08560456516890099787 0.00000000099999999987 0.00000000099999999987 0.00000000099999999987 
0.00000000099999999996 0.00000000099999999996 0.00000000099999999996 0.50696499002203876394 0.05269351157410637893 0.44033991146673207018 0.00000158193712280756 0.00000000099999999996 0.00000000099999999996 
0.00000000099999999981 0.00000000099999999981 0.00000000099999999981 0.92968127204986605872 0.00000000099999999981 0.07031872095013388946 0.00000000099999999981 0.00000000099999999981 0.00000000099999999981 
0.00000000099999999986 0.00000000099999999986 0.00000000099999999986 0.99999999200000011523 0.00000000099999999986 0.00000000099999999986 0.00000000099999999986 0.00000000099999999986 0.00000000099999999986 
0.00000000099999999995 0.00000000099999999995 0.00000000099999999995 0.91041138591893000509 0.00000000099999999995 0.08958860708106999859 0.00000000099999999995 0.00000000099999999995 0.00000000099999999995 
0.00000000099999999988 0.00000000099999999988 0.00000000099999999988 0.87237110284707586327 0.00000000099999999988 0.12762889015292414041 0.00000000099999999988 0.00000000099999999988 0.00000000099999999988 
0.00000000099999999989 0.00000000099999999989 0.00000000099999999989 0.99999999200000000421 0.00000000099999999989 0.00000000099999999989 0.00000000099999999989 0.00000000099999999989 0.00000000099999999989 
0.00000000099999999988 0.00000000099999999988 0.00000000099999999988 0.99999999200000000421 0.00000000099999999988 0.00000000099999999988 0.00000000099999999988 0.00000000099999999988 0.00000000099999999988 
0.00000000099999999986 0.00000000099999999986 0.00000000099999999986 0.94700862552839459862 0.00000000099999999986 0.05299136747160537730 0.00000000099999999986 0.00000000099999999986 0.00000000099999999986 
0.00000000099999999982 0.00000000099999999982 0.00000000099999999982 0.99999999200000011523 0.00000000099999999982 0.00000000099999999982 0.00000000099999999982 0.00000000099999999982 0.00000000099999999982 
0.00000000099999999990 0.00000000099999999990 0.00348370375682750073 0.78156840701397689575 0.00000000099999999990 0.21494788322919558543 0.00000000099999999990 0.00000000099999999990 0.00000000099999999990 
0.00000000099999999994 0.00000000099999999994 0.00000000099999999994 0.55689635037158458086 0.00000000099999999994 0.41476687529363309714 0.02833676833478223842 0.00000000099999999994 0.00000000099999999994 
0.00000000099999999991 0.00000000099999999991 0.00000000099999999991 0.73538249211980244446 0.00000000099999999991 0.25413502495003104098 0.00000000099999999991 0.00000000099999999991 0.01048247693016646567 
0.00000000099999999994 0.00000000099999999994 0.00000000099999999994 0.70118286904331172948 0.01176754740839543872 0.25422977326862755687 0.00000000099999999994 0.03281980527966527061 0.00000000099999999994 
0.00000000099999999985 0.00000000099999999985 0.00000000099999999985 0.99999999200000000421 0.00000000099999999985 0.00000000099999999985 0.00000000099999999985 0.00000000099999999985 0.00000000099999999985 
0.00000000099999999990 0.00000000099999999990 0.00000000099999999990 0.98058892403090869294 0.01941106896909147728 0.00000000099999999990 0.00000000099999999990 0.00000000099999999990 0.00000000099999999990 
0.00000000099999999987 0.00000000099999999987 0.00000000099999999987 0.94239280999533370231 0.00000000099999999987 0.05760718300466619035 0.00000000099999999987 0.00000000099999999987 0.00000000099999999987 
0.00000000099999999986 0.00000000099999999986 0.00000000099999999986 0.99999999200000011523 0.00000000099999999986 0.00000000099999999986 0.00000000099999999986 0.00000000099999999986 0.00000000099999999986 
0.00000000099999999987 0.00000000099999999987 0.00000000099999999987 0.99999999200000000421 0.00000000099999999987 0.00000000099999999987 0.00000000099999999987 0.00000000099999999987 0.00000000099999999987 
0.00000000099999999991 0.00000000099999999991 0.00000000099999999991 0.77560673341695096639 0.00000000099999999991 0.22439325958304909281 0.00000000099999999991 0.00000000099999999991 0.00000000099999999991 
0.00000000099999999993 0.00000000099999999993 0.00000000099999999993 0.96182135568168203310 0.00000000099999999993 0.03817863731831802609 0.00000000099999999993 0.00000000099999999993 0.00000000099999999993 
0.00000000099999999986 0.00000000099999999986 0.00000000099999999986 0.91729167446037562783 0.00000000099999999986 0.08270831853962440361 0.00000000099999999986 0.00000000099999999986 0.00000000099999999986 
0.00000000099999999985 0.00000000099999999985 0.00000000099999999985 0.89174121052800714438 0.00000000099999999985 0.10825878247199280380 0.00000000099999999985 0.00000000099999999985 0.00000000099999999985 
0.00000000099999999984 0.00000000099999999984 0.00000000099999999984 0.96625187978766879926 0.00000000099999999984 0.03374811321233127381 0.00000000099999999984 0.00000000099999999984 0.00000000099999999984 
0.00000000099999999995 0.00000000099999999995 0.00266638982738473052 0.84575800149846447340 0.00000000099999999995 0.15157560267415087774 0.00000000099999999995 0.00000000099999999995 0.00000000099999999995 
0.00000000099999999983 0.00000000099999999983 0.00000000099999999983 0.99999999200000011523 0.00000000099999999983 0.00000000099999999983 0.00000000099999999983 0.00000000099999999983 0.00000000099999999983 
0.00000000099999999991 0.00000000099999999991 0.00000000099999999991 0.95633409499713661894 0.00000000099999999991 0.04366589800286332229 0.00000000099999999991 0.00000000099999999991 0.00000000099999999991 
0.00000000099999999982 0.00000000099999999982 0.00000000099999999982 0.79965536222598443405 0.00000000099999999982 0.20034463077401562514 0.00000000099999999982 0.00000000099999999982 0.00000000099999999982 
0.00000000099999999991 0.00000000099999999991 0.00000000099999999991 0.99999999200000011523 0.00000000099999999991 0.00000000099999999991 0.00000000099999999991 0.00000000099999999991 0.00000000099999999991 
0.00000000099999999994 0.00000000099999999994 0.20698110634709240840 0.02904536786640383311 0.00000000099999999994 0.00000000099999999994 0.00000000099999999994 0.76397351978650374082 0.00000000099999999994 
0.00000000099999999998 0.00000000099999999998 0.10722034010190907571 0.10942325590253450251 0.02340595166390252446 0.00000000099999999998 0.00000000099999999998 0.70528570072743790309 0.05466474760421607959 
0.00000000099999999994 0.00000000099999999994 0.10966178247169504345 0.09837915242241250524 0.06694104949071832955 0.00000000099999999994 0.00000000099999999994 0.72501801061517412439 0.00000000099999999994 
0.00000000099999999997 0.00000000099999999997 0.23128617256828593041 0.06692674682085679450 0.04643739408421482945 0.00000000099999999997 0.00000000099999999997 0.63755471500663529749 0.01779496752000699761 
0.07929885223951130269 0.00000000099999999997 0.15587392161801993939 0.07318949320645294632 0.00000000099999999997 0.00000000099999999997 0.00000000099999999997 0.67894133976446824352 0.01269638917154743141 
0.00000000099999999997 0.00000000099999999997 0.16885800924190752514 0.05641945684814712175 0.04866228783171545197 0.00000000099999999997 0.00000000099999999997 0.72606024107822975111 0.00000000099999999997 
0.04533991080512338179 0.00000000099999999995 0.19736030575044599678 0.05816224354319364520 0.02242804844948931287 0.00000000099999999995 0.00000000099999999995 0.64929069754219792543 0.02741879090954960421 
0.03533813265507141504 0.00000000099999999997 0.17023255854364893747 0.09452412840657785364 0.04460898159491706594 0.00000000099999999997 0.00000000099999999997 0.65529619479978462593 0.00000000099999999997 
0.09244567011657182920 0.00000000099999999998 0.08410572522479255186 0.10178260371994089784 0.05497966108549009329 0.00000000099999999998 0.00000000099999999998 0.66308360029683366399 0.00360273655637085612 
0.06945228804092416774 0.00000000099999999999 0.15528780762320987252 0.10551226199664209826 0.03619320747379639602 0.00000000099999999999 0.00247030433073895097 0.63108412753468834389 0.00000000099999999999 
0.00000000099999999995 0.00000000099999999995 0.14787562810582027817 0.02905051040490914602 0.00000000099999999995 0.00000000099999999995 0.00000000099999999995 0.82307385548927058938 0.00000000099999999995 
0.07716241253546714252 0.00000000099999999993 0.20211493483591691511 0.04602430462397268801 0.11797571926890514094 0.00000000099999999993 0.00000000099999999993 0.55672262473573796981 0.00000000099999999993 
0.00000000099999999986 0.99999999200000022626 0.00000000099999999986 0.00000000099999999986 0.00000000099999999986 0.00000000099999999986 0.00000000099999999986 0.00000000099999999986 0.00000000099999999986 
0.00000000099999999966 0.99999999200000011523 0.00000000099999999966 0.00000000099999999966 0.00000000099999999966 0.00000000099999999966 0.00000000099999999966 0.00000000099999999966 0.00000000099999999966 
0.00000000099999999967 0.99999999200000011523 0.00000000099999999967 0.00000000099999999967 0.00000000099999999967 0.00000000099999999967 0.00000000099999999967 0.00000000099999999967 0.00000000099999999967 
0.00000000099999999975 0.99999999200000022626 0.00000000099999999975 0.00000000099999999975 0.00000000099999999975 0.00000000099999999975 0.00000000099999999975 0.00000000099999999975 0.00000000099999999975 
0.00000000099999999971 0.99999999200000011523 0.00000000099999999971 0.00000000099999999971 0.00000000099999999971 0.00000000099999999971 0.00000000099999999971 0.00000000099999999971 0.00000000099999999971 
0.00000000099999999983 0.99999999200000022626 0.00000000099999999983 0.00000000099999999983 0.00000000099999999983 0.00000000099999999983 0.00000000099999999983 0.00000000099999999983 0.00000000099999999983 
0.00000000099999999975 0.99999999200000022626 0.00000000099999999975 0.00000000099999999975 0.00000000099999999975 0.00000000099999999975 0.00000000099999999975 0.00000000099999999975 0.00000000099999999975 
0.00000000099999999958 0.99999999200000022626 0.00000000099999999958 0.00000000099999999958 0.00000000099999999958 0.00000000099999999958 0.00000000099999999958 0.00000000099999999958 0.00000000099999999958 
0.00000000099999999974 0.99999999200000022626 0.00000000099999999974 0.00000000099999999974 0.00000000099999999974 0.00000000099999999974 0.00000000099999999974 0.00000000099999999974 0.00000000099999999974 
0.00000000099999999979 0.99999999200000011523 0.00000000099999999979 0.00000000099999999979 0.00000000099999999979 0.00000000099999999979 0.00000000099999999979 0.00000000099999999979 0.00000000099999999979 
0.00000000099999999989 0.99999999200000022626 0.00000000099999999989 0.00000000099999999989 0.00000000099999999989 0.00000000099999999989 0.00000000099999999989 0.00000000099999999989 0.00000000099999999989 
0.00000000099999999965 0.99999999200000011523 0.00000000099999999965 0.00000000099999999965 0.00000000099999999965 0.00000000099999999965 0.00000000099999999965 0.00000000099999999965 0.00000000099999999965 
0.00000000099999999982 0.00000000099999999982 0.99999999200000000421 0.00000000099999999982 0.00000000099999999982 0.00000000099999999982 0.00000000099999999982 0.00000000099999999982 0.00000000099999999982 
0.00000000099999999980 0.00000000099999999980 0.99999999200000011523 0.00000000099999999980 0.00000000099999999980 0.00000000099999999980 0.00000000099999999980 0.00000000099999999980 0.00000000099999999980 
0.00000000099999999981 0.00000000099999999981 0.99999999200000011523 0.00000000099999999981 0.00000000099999999981 0.00000000099999999981 0.00000000099999999981 0.00000000099999999981 0.00000000099999999981 
0.00000000099999999984 0.00000000099999999984 0.99999999200000000421 0.00000000099999999984 0.00000000099999999984 0.00000000099999999984 0.00000000099999999984 0.00000000099999999984 0.00000000099999999984 
0.00000000099999999974 0.00000000099999999974 0.99999999200000011523 0.00000000099999999974 0.00000000099999999974 0.00000000099999999974 0.00000000099999999974 0.00000000099999999974 0.00000000099999999974 
0.00000000099999999986 0.00000000099999999986 0.99999999200000011523 0.00000000099999999986 0.00000000099999999986 0.00000000099999999986 0.00000000099999999986 0.00000000099999999986 0.00000000099999999986 
0.00000000099999999985 0.00000000099999999985 0.99999999200000011523 0.00000000099999999985 0.00000000099999999985 0.00000000099999999985 0.00000000099999999985 0.00000000099999999985 0.00000000099999999985 
0.00000000099999999988 0.00000000099999999988 0.99999999200000011523 0.00000000099999999988 0.00000000099999999988 0.00000000099999999988 0.00000000099999999988 0.00000000099999999988 0.00000000099999999988 
0.00000000099999999977 0.00000000099999999977 0.99999999200000000421 0.00000000099999999977 0.00000000099999999977 0.00000000099999999977 0.00000000099999999977 0.00000000099999999977 0.00000000099999999977 
0.00000000099999999981 0.00000000099999999981 0.99999999200000011523 0.00000000099999999981 0.00000000099999999981 0.00000000099999999981 0.00000000099999999981 0.00000000099999999981 0.00000000099999999981 
0.00000000099999999985 0.00000000099999999985 0.99999999200000000421 0.00000000099999999985 0.00000000099999999985 0.00000000099999999985 0.00000000099999999985 0.00000000099999999985 0.00000000099999999985 
0.00000000099999999984 0.00000000099999999984 0.99999999200000000421 0.00000000099999999984 0.00000000099999999984 0.00000000099999999984 0.00000000099999999984 0.00000000099999999984 0.00000000099999999984 
0.00000000099999999986 0.00000000099999999986 0.99999999200000011523 0.00000000099999999986 0.00000000099999999986 0.00000000099999999986 0.00000000099999999986 0.00000000099999999986 0.00000000099999999986 
0.00000000099999999987 0.00000000099999999987 0.00000000099999999987 0.06760246864126955024 0.00000000099999999987 0.93239752435873035630 0.00000000099999999987 0.00000000099999999987 0.00000000099999999987 
0.00000000099999999987 0.00000000099999999987 0.00000000099999999987 0.00000000099999999987 0.00000000099999999987 0.99999999200000000421 0.00000000099999999987 0.00000000099999999987 0.00000000099999999987 
0.00000000099999999980 0.00000000099999999980 0.00000000099999999980 0.00000000099999999980 0.00000000099999999980 0.99999999200000000421 0.00000000099999999980 0.00000000099999999980 0.00000000099999999980 
0.00000000099999999981 0.00000000099999999981 0.00000000099999999981 0.07681174679526596438 0.00000000099999999981 0.92318824620473405318 0.00000000099999999981 0.00000000099999999981 0.00000000099999999981 
0.00000000099999999985 0.00000000099999999985 0.00000000099999999985 0.00000000099999999985 0.00000000099999999985 0.99999999200000011523 0.00000000099999999985 0.00000000099999999985 0.00000000099999999985 
0.00000000099999999985 0.00000000099999999985 0.00000000099999999985 0.00000000099999999985 0.00000000099999999985 0.99999999200000011523 0.00000000099999999985 0.00000000099999999985 0.00000000099999999985 
0.00000000099999999984 0.00000000099999999984 0.00000000099999999984 0.07535673437328928304 0.00000000099999999984 0.92464325862671070677 0.00000000099999999984 0.00000000099999999984 0.00000000099999999984 
0.00000000099999999997 0.00000000099999999997 0.00000000099999999997 0.10683203007045945221 0.02575536830687264259 0.85028860117224513981 0.01422220739497678452 0.00000000099999999997 0.00290178905544596476 
0.00000000099999999983 0.00000000099999999983 0.00000000099999999983 0.00000000099999999983 0.00000000099999999983 0.99999999200000000421 0.00000000099999999983 0.00000000099999999983 0.00000000099999999983 
0.00000000099999999981 0.00000000099999999981 0.00000000099999999981 0.00000000099999999981 0.00000000099999999981 0.99999999200000000421 0.00000000099999999981 0.00000000099999999981 0.00000000099999999981 
0.00000000099999999986 0.00000000099999999986 0.00000000099999999986 0.00000000099999999986 0.00000000099999999986 0.99999999200000011523 0.00000000099999999986 0.00000000099999999986 0.00000000099999999986 
0.00000000099999999985 0.00000000099999999985 0.00000000099999999985 0.00000000099999999985 0.00000000099999999985 0.99999999200000011523 0.00000000099999999985 0.00000000099999999985 0.00000000099999999985 
0.00000000099999999985 0.00000000099999999985 0.00000000099999999985 0.00000000099999999985 0.00000000099999999985 0.99999999200000000421 0.00000000099999999985 0.00000000099999999985 0.00000000099999999985 
0.00000000099999999979 0.00000000099999999979 0.00000000099999999979 0.00000000099999999979 0.00000000099999999979 0.99999999200000011523 0.00000000099999999979 0.00000000099999999979 0.00000000099999999979 
0.00000000099999999985 0.00000000099999999985 0.00000000099999999985 0.00000000099999999985 0.00000000099999999985 0.99999999200000011523 0.00000000099999999985 0.00000000099999999985 0.00000000099999999985 
0.00000000099999999983 0.00000000099999999983 0.00000000099999999983 0.00000000099999999983 0.00000000099999999983 0.99999999200000000421 0.00000000099999999983 0.00000000099999999983 0.00000000099999999983 
0.00000000099999999982 0.00000000099999999982 0.00000000099999999982 0.00000000099999999982 0.00000000099999999982 0.99999999200000011523 0.00000000099999999982 0.00000000099999999982 0.00000000099999999982 
0.00000000099999999985 0.00000000099999999985 0.00000000099999999985 0.01899626994959180762 0.00000000099999999985 0.98100372305040828280 0.00000000099999999985 0.00000000099999999985 0.00000000099999999985 
0.00000000099999999987 0.00000000099999999987 0.00000000099999999987 0.05993433324675565693 0.00000000099999999987 0.94006565975324440920 0.00000000099999999987 0.00000000099999999987 0.00000000099999999987 
0.00000000099999999992 0.00000000099999999992 0.00000000099999999992 0.00000000099999999992 0.00000000099999999992 0.00000000099999999992 0.00000000099999999992 0.99999999199999989319 0.00000000099999999992 
0.18932880970596929759 0.00000000099999999997 0.03391223661501911735 0.00000000099999999997 0.00000000099999999997 0.00000000099999999997 0.00000000099999999997 0.77675894767901143556 0.00000000099999999997 
0.00000000099999999991 0.00000000099999999991 0.00000000099999999991 0.00000000099999999991 0.00000000099999999991 0.00000000099999999991 0.00000000099999999991 0.99999999200000000421 0.00000000099999999991 
0.00000000099999999990 0.00000000099999999990 0.00000000099999999990 0.00000000099999999990 0.00000000099999999990 0.07106340014430059804 0.00000000099999999990 0.92893659285569929462 0.00000000099999999990 
0.00000000099999999994 0.00079212786929196567 0.00000000099999999994 0.00000000099999999994 0.00000000099999999994 0.03468128732682678600 0.00000000099999999994 0.96452657880388126266 0.00000000099999999994 
0.00000000099999999988 0.00000000099999999988 0.00000000099999999988 0.00000000099999999988 0.00000000099999999988 0.00000000099999999988 0.00000000099999999988 0.99999999199999989319 0.00000000099999999988 
0.00000000099999999989 0.00000000099999999989 0.00000000099999999989 0.00000000099999999989 0.00000000099999999989 0.00000000099999999989 0.00000000099999999989 0.99999999199999989319 0.00000000099999999989 
0.00000000099999999993 0.02247430962355731476 0.00000000099999999993 0.00000000099999999993 0.00000000099999999993 0.00000000099999999993 0.01067465266300256926 0.96685103171344000117 0.00000000099999999993 
0.00000000099999999987 0.00000000099999999987 0.00000000099999999987 0.00000000099999999987 0.00000000099999999987 0.00000000099999999987 0.00000000099999999987 0.99999999199999989319 0.00000000099999999987 
0.00000000099999999994 0.00000000099999999994 0.00000000099999999994 0.00972334535359447097 0.00000000099999999994 0.00009290350364989119 0.00000000099999999994 0.99018374514275553366 0.00000000099999999994 
0.00000000099999999994 0.00000000099999999994 0.00160232386448138221 0.00000000099999999994 0.00000000099999999994 0.00000000099999999994 0.00000000099999999994 0.99839766913551863947 0.00000000099999999994 
0.00000000099999999988 0.00000000099999999988 0.00000000099999999988 0.00000000099999999988 0.00000000099999999988 0.04281037631156028866 0.00000000099999999988 0.95718961668843971502 0.00000000099999999988 
0.00000000099999999988 0.00000000099999999988 0.00000000099999999988 0.00000000099999999988 0.00000000099999999988 0.04494287123208715040 0.00000000099999999988 0.95505712176791279777 0.00000000099999999988 
0.35719253559781155571 0.07339981788655181028 0.00000000099999999996 0.00000000099999999996 0.00000000099999999996 0.00000000099999999996 0.00000000099999999996 0.52986395020575771664 0.03954369130987874653 
