0.00000000100000000000 0.14627402403195660652 0.85372597496804336625 
0.00000000100000000000 0.11338080512338860606 0.88661919387661136671 
0.00000000099999999999 0.00000000099999999999 0.99999999799999994554 
0.00000000100000000000 0.08171774102149970131 0.91828225797850027146 
0.00000000099999999999 0.12892124295677778734 0.87107875604322226870 
0.00000000099999999999 0.09703049935749749610 0.90296949964250261544 
0.00000000099999999999 0.14455854402912060586 0.85544145497087942243 
0.00000000099999999999 0.06578579617596977402 0.93421420282403033752 
0.00000000099999999999 0.11995816526890136500 0.88004183373109856614 
0.00000000099999999999 0.15441974893435259086 0.84558025006564740966 
0.99802160900566083690 0.00197838999433917230 0.00000000099999999999 
0.99999999800000005656 0.00000000099999999997 0.00000000099999999997 
0.98965654180913309457 0.01034345719086697882 0.00000000100000000000 
0.99999999800000005656 0.00000000099999999998 0.00000000099999999998 
0.99999999799999994554 0.00000000099999999999 0.00000000099999999999 
0.99999999799999994554 0.00000000099999999998 0.00000000099999999998 
0.99999999799999994554 0.00000000099999999998 0.00000000099999999998 
0.99999999800000005656 0.00000000099999999998 0.00000000099999999998 
0.99999999799999994554 0.00000000099999999998 0.00000000099999999998 
0.98224409622526187569 0.01775590277473809361 0.00000000100000000000 
0.99999999799999994554 0.00000000099999999999 0.00000000099999999999 
0.99999999800000005656 0.00000000099999999998 0.00000000099999999998 
0.99999999799999994554 0.00000000099999999997 0.00000000099999999997 
0.99999999799999994554 0.00000000099999999997 0.00000000099999999997 
0.90423001966951921382 0.00125202138122054826 0.09451795894926008634 
0.97839229537533933811 0.02160770362466059649 0.00000000099999999999 
0.98572124446676478993 0.00000000099999999999 0.01427875453323529387 
0.99999999799999994554 0.00000000099999999999 0.00000000099999999999 
0.99999999800000005656 0.00000000099999999999 0.00000000099999999999 
0.95140762286749935850 0.04802327905198488373 0.00056909808051575160 
0.93543963288751663665 0.06456036611248332224 0.00000000099999999999 
0.99999999799999994554 0.00000000099999999999 0.00000000099999999999 
0.99999999800000005656 0.00000000099999999998 0.00000000099999999998 
0.99999999799999994554 0.00000000099999999999 0.00000000099999999999 
0.97935250880288482467 0.02064749019711518974 0.00000000100000000000 
0.95286839066480899518 0.00000000099999999999 0.04713160833519117882 
0.99999999800000005656 0.00000000099999999999 0.00000000099999999999 
0.98555547581554192593 0.00000000100000000000 0.01444452318445807980 
0.96309608937721358224 0.03652440492045196802 0.00037950570233451588 
0.99999999800000005656 0.00000000099999999998 0.00000000099999999998 
0.95851364283852369397 0.04148635616147640370 0.00000000099999999999 
0.95990519448604183506 0.04009207039766064795 0.00000273511629751566 
0.99999999799999994554 0.00000000099999999998 0.00000000099999999998 
0.99999999799999994554 0.00000000099999999998 0.00000000099999999998 
0.99353578492746474904 0.00646421407253514393 0.00000000100000000000 
0.99999999799999994554 0.00000000099999999999 0.00000000099999999999 
0.99998510774058535500 0.00000000100000000000 0.00001489125941458017 
0.95105981533160910413 0.04067472525770056413 0.00826545941069034909 
0.99741175863098674448 0.00000000100000000000 0.00258824036901317582 
0.98856829298855897203 0.00000000100000000000 0.01143170601144108747 
0.99999999799999994554 0.00000000099999999999 0.00000000099999999999 
0.99999999799999994554 0.00000000099999999997 0.00000000099999999997 
0.91268577406793482965 0.08731422493206504598 0.00000000100000000000 
0.98120141180731645925 0.01879858719268344414 0.00000000100000000000 
0.99999999799999994554 0.00000000099999999998 0.00000000099999999998 
0.99999985502372767954 0.00000000099999999999 0.00000014397627230399 
0.99999999799999994554 0.00000000099999999999 0.00000000099999999999 
0.90318059814063478274 0.09131978017162070693 0.00549962168774448430 
0.90486632293443491903 0.03753559067361800922 0.05759808639194709950 
0.97298451367818916680 0.02039621585446949395 0.00661927046734140691 
0.96382633403243278547 0.03617366496756708322 0.00000000100000000000 
0.94321041833711860569 0.03154974540197045402 0.02523983626091099233 
0.99999999799999994554 0.00000000099999999998 0.00000000099999999998 
0.99729128733054028810 0.00270871166945971416 0.00000000100000000000 
0.98767888502198930567 0.01232111397801068792 0.00000000100000000000 
0.90576511540460802330 0.09423488359539192172 0.00000000099999999999 
0.99999799413147294480 0.00000200486852696552 0.00000000100000000000 
0.96273113102225760240 0.02432238835368666016 0.01294648062405586927 
0.99999999799999994554 0.00000000099999999998 0.00000000099999999998 
0.99569216022345674588 0.00430783877654326939 0.00000000099999999999 
0.86106270253546568494 0.00011718683765906394 0.13882011062687521497 
0.99999999799999994554 0.00000000099999999999 0.00000000099999999999 
0.31265474794247660739 0.17261892183043797688 0.51472633022708536021 
0.34429464287287997459 0.13759855968302137086 0.51810679744409871006 
0.31189820241986804250 0.08101563993360526295 0.60708615764652662516 
0.28157901644019961429 0.17627348448948232384 0.54214749907031811738 
0.31761729646675096461 0.13461252449959268396 0.54777017903365632367 
0.30894962730117153660 0.14744593026156288529 0.54360444243726568914 
0.28741021016860224258 0.16554437203234134701 0.54704541779905646592 
0.32169567649492009087 0.16589672467359020680 0.51240759883148967457 
0.30031731658560911757 0.14676421183463744802 0.55291847157975348992 
0.37844031844059389247 0.05538584835972640980 0.56617383319967973243 
0.34740839822535957149 0.10711320455075035163 0.54547839722389002137 
0.25360662001942052557 0.15198974301275294807 0.59440363696782649860 
0.33662748519254692692 0.11662924804535557133 0.54674326676209750175 
0.28037858519870684226 0.17194766874100669840 0.54767374606028651485 
0.34796499450613693760 0.07506210531433515909 0.57697290017952784780 
0.35601534415629321195 0.09688035055828504716 0.54710430528542175477 
0.30617442276696121839 0.17183186068046354955 0.52199371655257531533 
0.00000000099999999995 0.99999999800000005656 0.00000000099999999995 
0.00000000099999999996 0.99999999799999994554 0.00000000099999999996 
0.00000000100000000000 0.96659975424894140072 0.03340024475105878021 
0.00000000099999999993 0.99999999800000005656 0.00000000099999999993 
0.00000000099999999997 0.99999999800000005656 0.00000000099999999997 
0.00000000099999999998 0.99999999800000005656 0.00000000099999999998 
0.00000000099999999995 0.99999999799999994554 0.00000000099999999995 
0.00000000099999999997 0.99999999799999994554 0.00000000099999999997 
0.00000005078034834562 0.99999994821965165759 0.00000000099999999998 
0.00000000099999999995 0.99999999799999994554 0.00000000099999999995 
0.00000000099999999996 0.99999999800000005656 0.00000000099999999996 
0.00000000099999999996 0.99999999800000005656 0.00000000099999999996 
0.00000000099999999999 0.99898545869579524759 0.00101454030420472475 
0.00000000099999999997 0.99999999800000005656 0.00000000099999999997 
0.00000000099999999999 0.99999999800000005656 0.00000000099999999999 
0.00000000099999999996 0.99999999799999994554 0.00000000099999999996 
0.00000012605783814144 0.99999987294216174938 0.00000000099999999998 
0.00000000099999999996 0.99999999799999994554 0.00000000099999999996 
0.00000000099999999995 0.99999999800000005656 0.00000000099999999995 
0.00000000099999999996 0.99999999800000005656 0.00000000099999999996 
0.00000000099999999997 0.99999999799999994554 0.00000000099999999997 
0.00000000099999999997 0.99999999799999994554 0.00000000099999999997 
0.00000000099999999995 0.99999999799999994554 0.00000000099999999995 
0.00000000099999999995 0.99999999800000005656 0.00000000099999999995 
0.00000000099999999994 0.99999999800000005656 0.00000000099999999994 
0.02805420791828906399 0.97194579108171086368 0.00000000099999999998 
0.00000000099999999995 0.99999999799999994554 0.00000000099999999995 
0.00000000099999999998 0.99999999799999994554 0.00000000099999999998 
0.00000000099999999994 0.99999999800000005656 0.00000000099999999994 
0.00000000099999999996 0.99999999800000005656 0.00000000099999999996 
0.13651222044067470862 0.09391694191686000837 0.76957083764246536628 
0.20195657371880934572 0.17105404909578925121 0.62698937718540148634 
0.23120987753641533691 0.18448103917699781862 0.58430908328658692774 
0.17348759160390692102 0.11924730370848432570 0.70726510468760872552 
0.26891273140903865224 0.14199440537579585686 0.58909286321516551865 
0.20476300411605449781 0.13309190852335850419 0.66214508736058697025 
0.26340511700724761335 0.09683494836599594591 0.63975993462675639911 
0.20929905409068869093 0.15889332462059710394 0.63180762128871426064 
0.30105158985914420855 0.13711690042840324333 0.56183150971245254812 
0.18583300567299318451 0.16992143091431644031 0.64424556341269045845 
0.15056800368945147395 0.14211828307992041553 0.70731371323062808276 
0.30830673241556749709 0.06878672173144036173 0.62290654585299209955 
0.00000000099999999996 0.00000000099999999996 0.99999999800000005656 
0.00000000099999999995 0.00000000099999999995 0.99999999799999994554 
0.00000000099999999996 0.00000000099999999996 0.99999999799999994554 
0.00000000099999999996 0.00000000099999999996 0.99999999799999994554 
0.00000000099999999995 0.00000000099999999995 0.99999999800000005656 
0.00000000099999999996 0.00000000099999999996 0.99999999799999994554 
0.00000000099999999999 0.00000000099999999999 0.99999999799999994554 
0.00000000099999999995 0.00000000099999999995 0.99999999800000005656 
0.00000000099999999996 0.00000000099999999996 0.99999999800000005656 
0.00000000099999999996 0.00000000099999999996 0.99999999800000005656 
0.03090549863742506412 0.00000000099999999999 0.96909450036257482886 
0.00000000099999999995 0.00000000099999999995 0.99999999800000005656 
0.00000000099999999999 0.00830499262269569598 0.99169500637730434445 
0.00000000099999999998 0.00000000099999999998 0.99999999800000005656 
0.00000000099999999998 0.00000000099999999998 0.99999999799999994554 
0.00000000099999999999 0.00000000099999999999 0.99999999800000005656 
0.00000000099999999999 0.01195308088330335194 0.98804691811669664858 
0.00000000099999999999 0.00000000099999999999 0.99999999799999994554 
0.00000000099999999999 0.00000000099999999999 0.99999999800000005656 
0.00000000100000000000 0.01176158082490098150 0.98823841817509905372 
0.00000000099999999999 0.00000000099999999999 0.99999999800000005656 
0.00000000099999999998 0.00000000099999999998 0.99999999800000005656 
0.00000000099999999999 0.00000000099999999999 0.99999999799999994554 
0.00000000099999999998 0.00000000099999999998 0.99999999799999994554 
0.00000000099999999998 0.00000000099999999998 0.99999999799999994554 
0.00000000099999999998 0.97006644950871756539 0.02993354949128239351 
0.00000000099999999998 0.87610215407046776459 0.12389784492953234696 
0.00000000099999999997 0.99999999800000005656 0.00000000099999999997 
0.00000000099999999997 0.99999999800000005656 0.00000000099999999997 
0.00000000099999999997 0.90593869386174030733 0.09406130513825958217 
0.00000000099999999998 0.98374012870537042019 0.01625987029462960462 
0.00000000099999999999 0.99999999455245736080 0.00000000444754272768 
0.00000000099999999998 0.91592191042011794622 0.08407808857988213758 
0.00000000099999999998 0.99507269226047478927 0.00492730673952516789 
0.00000000099999999998 0.91312611382285657768 0.08687388517714350611 
0.00000000099999999998 0.97092501811773124221 0.02907498088226883465 
0.00000000099999999997 0.96633881823501310837 0.03366118076498698930 
0.00000000099999999999 0.94379884610366271414 0.05620115289633739047 
0.00000000099999999997 0.99999999800000005656 0.00000000099999999997 
0.00000000099999999998 0.94881270434933473457 0.05118729465066536310 
0.00000000099999999999 0.97956771263377129255 0.02043228636622870451 
0.00000000099999999999 0.95782301741547459795 0.04217698158452548585 
0.00000000099999999997 0.93145365962109283320 0.06854633937890725059 
0.00000000099999999998 0.96058811940827770748 0.03941187959172225141 
0.09910949242968855599 0.06869754208668635287 0.83219296548362509114 
0.32618764273094474904 0.07461000725935541811 0.59920235000969990224 
0.11991762681740396335 0.10228160483605691633 0.77780076834653910645 
0.05495334238839156421 0.15972430246693428146 0.78532235514467407800 
0.10675060076026689215 0.09910821718516454881 0.79414118205456862842 
0.17978621631338786990 0.13596396461350968021 0.68424981907310244988 
0.15874431289949966772 0.11080516048898834958 0.73045052661151199658 
0.06493050382834356093 0.10575183406996434277 0.82931766210169211018 
0.15913003836845801553 0.10363058470880602557 0.73723937692273600053 
0.12756637880207713498 0.17430379127677714246 0.69812982992114569480 
0.16903502718781363012 0.05098281649504410318 0.77998215631714218343 
0.07196472922097876812 0.15721492956504690142 0.77082034121397435822 
0.05572006784793200052 0.20065152662091040314 0.74362840553115772124 
0.54842920623758584231 0.06417158242776718757 0.38739921133464694236 
