0.00000000099999999996 0.01978432740852244937 0.00000000099999999996 0.98021566859147746253 0.00000000099999999996 0.00000000099999999996 
0.00000000099999999995 0.00000000099999999995 0.00000000099999999995 0.98909772017012986822 0.01090227582987015123 0.00000000099999999995 
0.00000000099999999990 0.00000000099999999990 0.00000000099999999990 0.99999999500000003039 0.00000000099999999990 0.00000000099999999990 
0.00000000099999999992 0.00000000099999999992 0.00000000099999999992 0.99999999499999991937 0.00000000099999999992 0.00000000099999999992 
0.00000000099999999993 0.00000000099999999993 0.00000000099999999993 0.99999999499999991937 0.00000000099999999993 0.00000000099999999993 
0.00000000099999999994 0.00000000099999999994 0.00000000099999999994 0.99999999499999991937 0.00000000099999999994 0.00000000099999999994 
0.00000000099999999990 0.00000000099999999990 0.00000000099999999990 0.99999999500000003039 0.00000000099999999990 0.00000000099999999990 
0.00000000099999999988 0.00000000099999999988 0.00000000099999999988 0.99999999499999991937 0.00000000099999999988 0.00000000099999999988 
0.00000000099999999993 0.00000000099999999993 0.00000000099999999993 0.99999999500000003039 0.00000000099999999993 0.00000000099999999993 
0.00000000099999999993 0.00000000099999999993 0.00000000099999999993 0.99999999500000003039 0.00000000099999999993 0.00000000099999999993 
0.98335981470486566458 0.00000000099999999998 0.01664018129513435140 0.00000000099999999998 0.00000000099999999998 0.00000000099999999998 
0.99999999500000014141 0.00000000099999999992 0.00000000099999999992 0.00000000099999999992 0.00000000099999999992 0.00000000099999999992 
0.97732759507748445671 0.00000000099999999998 0.00000003592202172417 0.02267236600049380921 0.00000000099999999998 0.00000000099999999998 
0.99999999500000014141 0.00000000099999999996 0.00000000099999999996 0.00000000099999999996 0.00000000099999999996 0.00000000099999999996 
0.99604985281210012271 0.00395014318789988460 0.00000000099999999997 0.00000000099999999997 0.00000000099999999997 0.00000000099999999997 
0.99999999500000003039 0.00000000099999999995 0.00000000099999999995 0.00000000099999999995 0.00000000099999999995 0.00000000099999999995 
0.97763697349181077900 0.02236302250818934106 0.00000000099999999997 0.00000000099999999997 0.00000000099999999997 0.00000000099999999997 
0.99999999500000003039 0.00000000099999999995 0.00000000099999999995 0.00000000099999999995 0.00000000099999999995 0.00000000099999999995 
0.99999999500000014141 0.00000000099999999996 0.00000000099999999996 0.00000000099999999996 0.00000000099999999996 0.00000000099999999996 
0.96800790293192762181 0.00484606473663278491 0.02128895161161159857 0.00585707871982791683 0.00000000099999999999 0.00000000099999999999 
0.99999999500000014141 0.00000000099999999997 0.00000000099999999997 0.00000000099999999997 0.00000000099999999997 0.00000000099999999997 
0.99772226699633914659 0.00227772900366093791 0.00000000099999999996 0.00000000099999999996 0.00000000099999999996 0.00000000099999999996 
0.99999999500000014141 0.00000000099999999993 0.00000000099999999993 0.00000000099999999993 0.00000000099999999993 0.00000000099999999993 
0.99999999500000014141 0.00000000099999999995 0.00000000099999999995 0.00000000099999999995 0.00000000099999999995 0.00000000099999999995 
0.90297986496145021817 0.00000000099999999998 0.00000000099999999998 0.08211371014171747751 0.01490642189683231110 0.00000000099999999998 
0.93477289217569548008 0.02128843196667085449 0.02795944976637999846 0.00000000099999999999 0.01597922409125362292 0.00000000099999999999 
0.99999997443416888121 0.00000000099999999996 0.00000000099999999996 0.00000000099999999996 0.00000002156583110529 0.00000000099999999996 
0.99045640776499022095 0.00000000099999999996 0.00000000099999999996 0.00000000099999999996 0.00954358823500994422 0.00000000099999999996 
0.96625981498230317790 0.02919417372175150960 0.00000000099999999997 0.00000000099999999997 0.00000000099999999997 0.00454600829594526724 
0.93692442119144470070 0.00000000099999999998 0.04284526365855512164 0.00000000099999999998 0.02023031215000027638 0.00000000099999999998 
0.93179521598491565904 0.00000000099999999998 0.06812554183278102249 0.00000000099999999998 0.00000000099999999998 0.00007923918230338668 
0.97907070879287316778 0.01188562312531852606 0.00000000099999999999 0.00904366508180840835 0.00000000099999999999 0.00000000099999999999 
0.99994343691909937100 0.00005655908090073446 0.00000000099999999996 0.00000000099999999996 0.00000000099999999996 0.00000000099999999996 
0.99999999500000003039 0.00000000099999999997 0.00000000099999999997 0.00000000099999999997 0.00000000099999999997 0.00000000099999999997 
0.91060546097972439039 0.00000000099999999999 0.00732396722580609585 0.00000000099999999999 0.03014507364813750340 0.05192549614633223953 
0.91963227248129197910 0.01542582337760101466 0.00000000100000000000 0.00945183049064074812 0.01755823882729031990 0.03793183382317585201 
0.99990712822768623713 0.00000000099999999998 0.00000000099999999998 0.00009286777231373851 0.00000000099999999998 0.00000000099999999998 
0.95079594197627104180 0.00051420381143786804 0.00000000099999999999 0.04868985121229122554 0.00000000099999999999 0.00000000099999999999 
0.97096482532407046850 0.00000000099999999998 0.00740788348222356455 0.00000000099999999998 0.02162728819370596245 0.00000000099999999998 
0.99999999500000014141 0.00000000099999999994 0.00000000099999999994 0.00000000099999999994 0.00000000099999999994 0.00000000099999999994 
0.95281009821475692867 0.00000000099999999998 0.04710266843317965912 0.00000000099999999998 0.00000000099999999998 0.00008723035206355313 
0.95328499235503783016 0.00000000099999999997 0.01100781884884337487 0.03570718579611877747 0.00000000099999999997 0.00000000099999999997 
0.97906642314880165667 0.02093357285119845299 0.00000000099999999995 0.00000000099999999995 0.00000000099999999995 0.00000000099999999995 
0.94328212547410494881 0.05671787052589517125 0.00000000099999999997 0.00000000099999999997 0.00000000099999999997 0.00000000099999999997 
0.99999999477008971738 0.00000000099999999998 0.00000000122991032593 0.00000000099999999998 0.00000000099999999998 0.00000000099999999998 
0.98032404632028169456 0.00000000099999999997 0.00000000099999999997 0.00000000099999999997 0.01967594967971827633 0.00000000099999999997 
0.99978611506876113868 0.00000000099999999997 0.00000000099999999997 0.00021388093123880618 0.00000000099999999997 0.00000000099999999997 
0.90216439498255451834 0.03769627735911235122 0.00272771492757767830 0.03572549484132252900 0.00020389382119315072 0.02148222406823951935 
0.00000000099999999983 0.99999999500000014141 0.00000000099999999983 0.00000000099999999983 0.00000000099999999983 0.00000000099999999983 
0.00000000099999999983 0.99999999500000014141 0.00000000099999999983 0.00000000099999999983 0.00000000099999999983 0.00000000099999999983 
0.00000000099999999983 0.99999999500000014141 0.00000000099999999983 0.00000000099999999983 0.00000000099999999983 0.00000000099999999983 
0.00000000099999999984 0.99999999500000014141 0.00000000099999999984 0.00000000099999999984 0.00000000099999999984 0.00000000099999999984 
0.00000000099999999979 0.99999999500000003039 0.00000000099999999979 0.00000000099999999979 0.00000000099999999979 0.00000000099999999979 
0.00000000099999999981 0.99999999500000003039 0.00000000099999999981 0.00000000099999999981 0.00000000099999999981 0.00000000099999999981 
0.00000000099999999982 0.99999999500000003039 0.00000000099999999982 0.00000000099999999982 0.00000000099999999982 0.00000000099999999982 
0.00000000099999999991 0.99999999500000014141 0.00000000099999999991 0.00000000099999999991 0.00000000099999999991 0.00000000099999999991 
0.00000000099999999981 0.99999999500000014141 0.00000000099999999981 0.00000000099999999981 0.00000000099999999981 0.00000000099999999981 
0.00000000099999999994 0.99247442879515546110 0.00752556720484465203 0.00000000099999999994 0.00000000099999999994 0.00000000099999999994 
0.00000000099999999996 0.99999999500000014141 0.00000000099999999996 0.00000000099999999996 0.00000000099999999996 0.00000000099999999996 
0.00000000099999999989 0.99999999500000003039 0.00000000099999999989 0.00000000099999999989 0.00000000099999999989 0.00000000099999999989 
0.00000000099999999992 0.99999999500000003039 0.00000000099999999992 0.00000000099999999992 0.00000000099999999992 0.00000000099999999992 
0.94499491785388423093 0.00000000099999999998 0.00837300289509332676 0.02414724965606298429 0.00000000099999999998 0.02248482759495944519 
0.94996975201088051932 0.01141585765184795036 0.00000000099999999998 0.00000000099999999998 0.00000000099999999998 0.03861438733727168282 
0.92068035040793427815 0.01842798665968707617 0.00000000099999999999 0.00000000099999999999 0.03371222871070628929 0.02717943222167243378 
0.95834761587840489039 0.00000000099999999999 0.00004974428596219119 0.00000000099999999999 0.00000000099999999999 0.04160263683563313747 
0.78498123768362793040 0.07639481414253011804 0.06342286507118771732 0.00000000099999999998 0.00000000099999999998 0.07520108110265440182 
0.97773258358514680832 0.00000000099999999998 0.00000000099999999998 0.00000000099999999998 0.00178723069824231044 0.02048018271661103396 
0.92311745415370938250 0.00430062781417319285 0.01180295976373533715 0.01783449575383874372 0.01638517164929679040 0.02655929086524660629 
0.96678686705907690424 0.03321312894092313950 0.00000000099999999996 0.00000000099999999996 0.00000000099999999996 0.00000000099999999996 
0.95393981242079539662 0.04236576832707970169 0.00369441625212489329 0.00000000099999999997 0.00000000099999999997 0.00000000099999999997 
0.78303031163406544568 0.05039569224204128867 0.00000000099999999999 0.15483792059374798522 0.01173607353014529016 0.00000000099999999999 
0.99999999500000014141 0.00000000099999999995 0.00000000099999999995 0.00000000099999999995 0.00000000099999999995 0.00000000099999999995 
0.00000000099999999993 0.00000000099999999993 0.00000000099999999993 0.00000000099999999993 0.00000000099999999993 0.99999999499999991937 
0.00000000099999999988 0.00000000099999999988 0.00000000099999999988 0.00000000099999999988 0.00000000099999999988 0.99999999499999991937 
0.00000000099999999990 0.00000000099999999990 0.00000000099999999990 0.00000000099999999990 0.00000000099999999990 0.99999999499999991937 
0.00000000099999999991 0.00000000099999999991 0.00000000099999999991 0.00000000099999999991 0.00000000099999999991 0.99999999500000003039 
0.00000000099999999996 0.00000000099999999996 0.00000000099999999996 0.00000000099999999996 0.00000000099999999996 0.99999999499999991937 
0.00000000099999999987 0.00000000099999999987 0.00000000099999999987 0.00000000099999999987 0.00000000099999999987 0.99999999500000003039 
0.00000000099999999990 0.00000000099999999990 0.00000000099999999990 0.00000000099999999990 0.00000000099999999990 0.99999999499999991937 
0.00000000099999999998 0.00000000099999999998 0.01526189344085966682 0.07216898733962748280 0.00000000099999999998 0.91256911621951286584 
0.00000000099999999988 0.00000000099999999988 0.00000000099999999988 0.00000000099999999988 0.00000000099999999988 0.99999999499999991937 
0.00000000099999999992 0.00000000099999999992 0.00000000099999999992 0.00000000099999999992 0.00000000099999999992 0.99999999500000003039 
0.00000000099999999992 0.00000000099999999992 0.00000000099999999992 0.00000000099999999992 0.00000000099999999992 0.99999999500000003039 
0.00000000099999999996 0.00000000099999999996 0.00000000099999999996 0.00368945723714629711 0.00000000099999999996 0.99631053876285369242 
0.00000000099999999993 0.00000000099999999993 0.00000000099999999993 0.00000000099999999993 0.00000000099999999993 0.99999999499999991937 
0.00000000099999999986 0.00000000099999999986 0.00000000099999999986 0.00000000099999999986 0.00000000099999999986 0.99999999499999991937 
0.00000000099999999987 0.00000000099999999987 0.00000000099999999987 0.00000000099999999987 0.00000000099999999987 0.99999999500000003039 
0.00000000099999999988 0.00000000099999999988 0.00000000099999999988 0.00000000099999999988 0.00000000099999999988 0.99999999500000003039 
0.00000000099999999988 0.00000000099999999988 0.00000000099999999988 0.00000000099999999988 0.00000000099999999988 0.99999999499999991937 
0.00000000099999999989 0.00000000099999999989 0.99999999499999991937 0.00000000099999999989 0.00000000099999999989 0.00000000099999999989 
0.00000000099999999991 0.00000000099999999991 0.99999999500000003039 0.00000000099999999991 0.00000000099999999991 0.00000000099999999991 
0.00000000099999999999 0.00000000099999999999 0.89747272930390098455 0.03437303707321525542 0.00174624741046818768 0.06640798421241550509 
0.00000000099999999986 0.00000000099999999986 0.99999999499999991937 0.00000000099999999986 0.00000000099999999986 0.00000000099999999986 
0.00000000099999999993 0.00000000099999999993 0.99999999499999991937 0.00000000099999999993 0.00000000099999999993 0.00000000099999999993 
0.00000000099999999997 0.00000000099999999997 0.98004945404249943497 0.00000000099999999997 0.00000000099999999997 0.01995054195750068510 
0.00000000099999999991 0.00000000099999999991 0.99999999500000003039 0.00000000099999999991 0.00000000099999999991 0.00000000099999999991 
0.00000000099999999995 0.01901803464609729682 0.98098196135390280936 0.00000000099999999995 0.00000000099999999995 0.00000000099999999995 
0.02748497741525140689 0.00000000099999999994 0.97251501858474864726 0.00000000099999999994 0.00000000099999999994 0.00000000099999999994 
0.00000000099999999989 0.00000000099999999989 0.98632071724954761827 0.00000000099999999989 0.00000000099999999989 0.01367927875045243241 
0.00000000099999999992 0.00000000099999999992 0.99999999500000003039 0.00000000099999999992 0.00000000099999999992 0.00000000099999999992 
0.00000000099999999993 0.00000000099999999993 0.99999999500000003039 0.00000000099999999993 0.00000000099999999993 0.00000000099999999993 
0.00000000099999999996 0.00000000099999999996 0.93613566318465057936 0.06386433281534928397 0.00000000099999999996 0.00000000099999999996 
0.00000000099999999995 0.01406709678216858626 0.98593289921783144880 0.00000000099999999995 0.00000000099999999995 0.00000000099999999995 
0.00000000099999999997 0.01143178452603888298 0.94047906432319072767 0.00000002496538706004 0.00000000099999999997 0.04808912418538333067 
0.00000000099999999991 0.00000000099999999991 0.99999999499999991937 0.00000000099999999991 0.00000000099999999991 0.00000000099999999991 
0.00000000099999999993 0.00000000099999999993 0.95200233127705702341 0.00000000099999999993 0.00000000099999999993 0.04799766472294306197 
0.00000000099999999992 0.00000000099999999992 0.99999999500000003039 0.00000000099999999992 0.00000000099999999992 0.00000000099999999992 
0.00000000099999999991 0.00000000099999999991 0.99999999499999991937 0.00000000099999999991 0.00000000099999999991 0.00000000099999999991 
0.00000000099999999991 0.00000000099999999991 0.99999999499999991937 0.00000000099999999991 0.00000000099999999991 0.00000000099999999991 
0.00000000099999999996 0.00000000099999999996 0.99999999500000003039 0.00000000099999999996 0.00000000099999999996 0.00000000099999999996 
0.00000000099999999995 0.00847084057255274338 0.99152915542744723965 0.00000000099999999995 0.00000000099999999995 0.00000000099999999995 
0.00000000099999999991 0.00000000099999999991 0.99999999500000003039 0.00000000099999999991 0.00000000099999999991 0.00000000099999999991 
0.00000000099999999990 0.00000000099999999990 0.99999999499999991937 0.00000000099999999990 0.00000000099999999990 0.00000000099999999990 
0.00000000099999999987 0.00000000099999999987 0.99999999500000003039 0.00000000099999999987 0.00000000099999999987 0.00000000099999999987 
0.03861374092034787486 0.00000000099999999996 0.96138625507965214112 0.00000000099999999996 0.00000000099999999996 0.00000000099999999996 
0.00000000099999999989 0.00000000099999999989 0.99999999500000003039 0.00000000099999999989 0.00000000099999999989 0.00000000099999999989 
0.00000354190470054449 0.00000000099999999996 0.98726913477373356987 0.00000000099999999996 0.00000000099999999996 0.01272732032156583502 
0.00000000099999999988 0.00000000099999999988 0.99999999500000003039 0.00000000099999999988 0.00000000099999999988 0.00000000099999999988 
0.00000000099999999994 0.00000000099999999994 0.99999999499999991937 0.00000000099999999994 0.00000000099999999994 0.00000000099999999994 
0.12003115252893971354 0.00000000099999999998 0.01051603426247255807 0.77744861990649927197 0.00000000099999999998 0.09200419130208857543 
0.11798773521797865926 0.04665213032924430542 0.07393207541689383877 0.64027003041937002870 0.01340386941401868620 0.10775415920249453716 
0.15652347568194704963 0.00000000099999999998 0.08565834166624468338 0.59159190278040829636 0.00000000099999999998 0.16622627787140004108 
0.08038738828985084184 0.01786566501631301276 0.02888427279392369665 0.70563091593868443319 0.00000000100000000000 0.16723175696122799527 
0.16940343212396236083 0.03232462759753049197 0.03978845980850091030 0.66063993921896679851 0.00000000099999999998 0.09784354025103948749 
0.13584826264421651087 0.00000000099999999999 0.05942992235203427287 0.66696530146518451243 0.00000000099999999999 0.13775651153856466324 
0.17721569122721225753 0.02690307955445702184 0.00746530662394466471 0.64873020615935617084 0.00000000099999999998 0.13968571543502997234 
0.14406975863621468426 0.00000000099999999998 0.07017975987776954583 0.63649530342458904286 0.00000000099999999998 0.14925517606142668647 
0.20812708327937159969 0.01028237552132214329 0.05468282323141422652 0.56855690560988780824 0.00000000099999999999 0.15835081135800438412 
0.14996082113336797748 0.00000000099999999999 0.06979867828493178938 0.62439004084845561859 0.00000000099999999999 0.15585045773324465723 
0.11297940094302726111 0.00000000099999999999 0.02934907188070227588 0.74338275635451256385 0.00000000099999999999 0.11428876882175792451 
0.20602618893137494838 0.00000000099999999998 0.00000000099999999998 0.57737026110549527491 0.00000000099999999998 0.21660354696312972278 
0.00000000099999999990 0.00000000099999999990 0.00000000099999999990 0.00000000099999999990 0.99999999500000003039 0.00000000099999999990 
0.00000000099999999978 0.00000000099999999978 0.00000000099999999978 0.00000000099999999978 0.99999999500000003039 0.00000000099999999978 
0.00000000099999999979 0.00000000099999999979 0.00000000099999999979 0.00000000099999999979 0.99999999500000003039 0.00000000099999999979 
0.00000000099999999982 0.00000000099999999982 0.00000000099999999982 0.00000000099999999982 0.99999999499999991937 0.00000000099999999982 
0.00000000099999999981 0.00000000099999999981 0.00000000099999999981 0.00000000099999999981 0.99999999500000003039 0.00000000099999999981 
0.00000000099999999988 0.00000000099999999988 0.00000000099999999988 0.00000000099999999988 0.99999999499999991937 0.00000000099999999988 
0.00000000099999999984 0.00000000099999999984 0.00000000099999999984 0.00000000099999999984 0.99999999499999991937 0.00000000099999999984 
0.00000000099999999973 0.00000000099999999973 0.00000000099999999973 0.00000000099999999973 0.99999999499999991937 0.00000000099999999973 
0.00000000099999999983 0.00000000099999999983 0.00000000099999999983 0.00000000099999999983 0.99999999499999991937 0.00000000099999999983 
0.00000000099999999986 0.00000000099999999986 0.00000000099999999986 0.00000000099999999986 0.99999999499999991937 0.00000000099999999986 
0.00000000099999999994 0.00000000099999999994 0.00000000099999999994 0.00000000099999999994 0.99999999500000003039 0.00000000099999999994 
0.00000000099999999978 0.00000000099999999978 0.00000000099999999978 0.00000000099999999978 0.99999999499999991937 0.00000000099999999978 
0.00000000099999999992 0.00000000099999999992 0.00000000099999999992 0.92379374146818404867 0.00000000099999999992 0.07620625453181582853 
0.00000000099999999994 0.00000000099999999994 0.00000000099999999994 0.95939413376652404875 0.00000003228867631813 0.04060583094479955357 
0.00000000099999999997 0.00000000099999999997 0.00000000099999999997 0.96451879419338493182 0.03548120180661502171 0.00000000099999999997 
0.00000000099999999996 0.00000000099999999996 0.00000000099999999996 0.87792711365227393827 0.00000000099999999996 0.12207288234772595281 
0.00000000099999999994 0.00000000099999999994 0.00000000099999999994 0.92141917722620214626 0.00000000099999999994 0.07858081877379788360 
0.00000000099999999997 0.00000000099999999997 0.00000000099999999997 0.85478010719241226401 0.00884428835324878836 0.13637560145433902381 
0.00000000099999999996 0.00000000099999999996 0.00000000099999999996 0.90295020057342956221 0.03343445120699024831 0.06361534521958016331 
0.00000000099999999999 0.00000000099999999999 0.00000000099999999999 0.83739950300421572837 0.08169843224334315257 0.08090206175244109288 
0.00000000099999999995 0.00000000099999999995 0.00000000099999999995 0.87690743404537196959 0.01612499597294766301 0.10696756698168033428 
0.00000000099999999995 0.00000000099999999995 0.00000000099999999995 0.90761853713954410150 0.00000000099999999995 0.09238145886045603938 
0.00000000099999999996 0.00000000099999999996 0.00000000099999999996 0.85621777780489682907 0.04897450807320547633 0.09480771112189756433 
0.00000000099999999996 0.00000000099999999996 0.00000000099999999996 0.90046398691388240820 0.07285893838780019283 0.02667707169831739014 
0.00000000099999999996 0.00000000099999999996 0.00000000099999999996 0.97107204892829135368 0.02892794707170858945 0.00000000099999999996 
0.00000000099999999992 0.00000000099999999992 0.85547175662950680763 0.14452823937049322223 0.00000000099999999992 0.00000000099999999992 
0.00000000099999999993 0.00000000099999999993 0.75065270345051549050 0.24934729254948453936 0.00000000099999999993 0.00000000099999999993 
0.00000000099999999990 0.00000000099999999990 0.89746759274978193943 0.10253240325021804880 0.00000000099999999990 0.00000000099999999990 
0.00000000099999999992 0.00000000099999999992 0.90408229402657092066 0.09591770197342899817 0.00000000099999999992 0.00000000099999999992 
0.00000000099999999990 0.00000000099999999990 0.77552509134854985540 0.22447490465145011895 0.00000000099999999990 0.00000000099999999990 
0.00000000099999999991 0.00000000099999999991 0.82796302053237880170 0.17203697546762111714 0.00000000099999999991 0.00000000099999999991 
0.00000000099999999995 0.00000000099999999995 0.90405791534880952653 0.09594208065119051720 0.00000000099999999995 0.00000000099999999995 
0.00000000099999999995 0.00000000099999999995 0.81076620577514402211 0.18923379022485584122 0.00000000099999999995 0.00000000099999999995 
0.00000000099999999991 0.00000000099999999991 0.83192087094027711291 0.16807912505972272266 0.00000000099999999991 0.00000000099999999991 
0.00000000099999999992 0.00000000099999999992 0.77687630525449657970 0.22312369074550342241 0.00000000099999999992 0.00000000099999999992 
0.00000000099999999992 0.00000000099999999992 0.84908613130081078690 0.15091386469918910418 0.00000000099999999992 0.00000000099999999992 
0.00000000099999999991 0.00000000099999999991 0.84422183930566307986 0.15577815669433692225 0.00000000099999999991 0.00000000099999999991 
0.00000000099999999996 0.00000000099999999996 0.83777053432287396095 0.16222850720687431725 0.00000095547025170232 0.00000000099999999996 
0.00000000099999999988 0.00000000099999999988 0.87765551693088394991 0.12234447906911601056 0.00000000099999999988 0.00000000099999999988 
0.00000000099999999995 0.00000000099999999995 0.85863125040809851196 0.14136874559190137912 0.00000000099999999995 0.00000000099999999995 
0.00000000099999999993 0.00000000099999999993 0.81759391095118616466 0.18240608504881380969 0.00000000099999999993 0.00000000099999999993 
0.00000000099999999992 0.00000000099999999992 0.82238957227693154639 0.17761042372306848347 0.00000000099999999992 0.00000000099999999992 
0.00000000099999999990 0.00000000099999999990 0.82528101666863751262 0.17471897933136243397 0.00000000099999999990 0.00000000099999999990 
0.00000000099999999993 0.00000000099999999993 0.85674028035440874529 0.14325971564559120131 0.00000000099999999993 0.00000000099999999993 
0.04860237078038508879 0.00000000099999999999 0.00000000099999999999 0.89057412622202380970 0.00000006557798664301 0.06082343541960457539 
0.30451669565002525975 0.00000000099999999999 0.00000000300669413244 0.61877049225604618954 0.00000000099999999999 0.07671280708723442199 
0.00005599127828683666 0.02349880232960529017 0.02801268086606186966 0.84269378464780042570 0.00141655981590834736 0.10432218106233721866 
0.00000000099999999999 0.01160031292895190129 0.08495160590110356624 0.85504956061346204521 0.00000000099999999999 0.04839851855648267392 
0.07201433214292926599 0.00000000099999999999 0.00635709054623957888 0.73724883728459733589 0.06350814049939260131 0.12087159852684128958 
0.11597604240690759236 0.00000000099999999998 0.05225120287907516342 0.77570705593616062767 0.00000000099999999998 0.05606569677785672862 
0.09467106683312032089 0.03455890521455599884 0.00782990484475474743 0.79358193041071378726 0.00550011393781781044 0.06385807875903741493 
0.04325837682149743374 0.00000000099999999999 0.03638736564857265182 0.77318656722241052570 0.06442337614313652094 0.08274431316438272954 
0.15176338191908628206 0.00000000099999999999 0.00341240468952851324 0.83110659778667794750 0.00000000099999999999 0.01371761360470715070 
0.08471069966762290182 0.00000000100000000000 0.07439763598440471415 0.69339864016762797760 0.03007283345696735999 0.11742018972337703309 
0.14984853771110093201 0.00000000099999999999 0.00000000099999999999 0.81358961086335690460 0.02997505936033346974 0.00658679006520869817 
0.02252231230944705745 0.00000000100000000000 0.06842527175096317638 0.85038044483762298409 0.03336210272578535307 0.02530986737618148505 
0.02235770926589085439 0.00000000099999999999 0.11259703914816732162 0.78781475413320967149 0.02796053362103539594 0.04926996283169674667 
