0.00000000099999999998 0.02001641489411754363 0.00000000099999999998 0.97998358310588240538 
0.05783398899186265735 0.00000000099999999999 0.00000000099999999999 0.94216600900813729513 
0.00000000099999999995 0.00000000099999999995 0.00000000099999999995 0.99999999700000008485 
0.00000000099999999998 0.00000000099999999998 0.00000000099999999998 0.99999999699999997382 
0.00000000099999999998 0.00000000099999999998 0.00000000099999999998 0.99999999700000008485 
0.00835774435861385764 0.00000000099999999999 0.00000000099999999999 0.99164225364138602892 
0.00000000099999999997 0.01045123244037504846 0.00000000099999999997 0.98954876555962489881 
0.00000000099999999995 0.00000000099999999995 0.00000000099999999995 0.99999999700000008485 
0.00000000099999999997 0.00000000099999999997 0.00000000099999999997 0.99999999700000008485 
0.00000000099999999997 0.00714548950286946968 0.00000000099999999997 0.99285450849713063892 
0.00199883757504098732 0.00000075719243811884 0.99800040423252089905 0.00000000099999999999 
0.00000000099999999995 0.00000000099999999995 0.99999999699999997382 0.00000000099999999995 
0.00000135058907238651 0.01219851331263330750 0.98780013509829422969 0.00000000100000000000 
0.00000000099999999997 0.00000000099999999997 0.99999999699999986280 0.00000000099999999997 
0.01445706800267178641 0.00000000099999999998 0.98554292999732817648 0.00000000099999999998 
0.00000000099999999998 0.00000000099999999998 0.99999999699999997382 0.00000000099999999998 
0.00000000099999999998 0.00000000099999999998 0.99999999699999997382 0.00000000099999999998 
0.00000000099999999997 0.00000000099999999997 0.99999999699999997382 0.00000000099999999997 
0.00000000099999999998 0.00000000099999999998 0.99999999699999997382 0.00000000099999999998 
0.00000002943440179656 0.02116642078353258433 0.97883354878206552119 0.00000000100000000000 
0.00000000099999999999 0.00000000099999999999 0.99999999699999986280 0.00000000099999999999 
0.00000000099999999998 0.00000000099999999998 0.99999999699999986280 0.00000000099999999998 
0.00000000099999999995 0.00000000099999999995 0.99999999699999997382 0.00000000099999999995 
0.00000000099999999996 0.00000000099999999996 0.99999999699999997382 0.00000000099999999996 
0.03066974826704190610 0.00000004116938182261 0.88916698516159065058 0.08016322540198562996 
0.00000000416441418917 0.02244081853422419046 0.97755917630136168750 0.00000000099999999999 
0.02578862410097416957 0.00000000099999999999 0.97421137389902590087 0.00000000099999999999 
0.02801323810964778671 0.00000000099999999999 0.97198675989035232536 0.00000000099999999999 
0.00000000099999999997 0.00000000099999999997 0.99999999699999986280 0.00000000099999999997 
0.03370505607235391166 0.03896726545007974524 0.92732767747756639221 0.00000000100000000000 
0.00000000099999999999 0.06855446880983925850 0.93144552919016065928 0.00000000099999999999 
0.00000000099999999999 0.00000000099999999999 0.99999999699999986280 0.00000000099999999999 
0.00000000099999999997 0.00000000099999999997 0.99999999699999986280 0.00000000099999999997 
0.00000000099999999998 0.00000000099999999998 0.99999999699999986280 0.00000000099999999998 
0.02317574410406561189 0.01678226529475870463 0.96004198960117559380 0.00000000100000000000 
0.03564582550338554062 0.00000000099999999999 0.93727670583229516499 0.02707746766431929838 
0.00000000099999999999 0.00000000099999999999 0.99999999699999986280 0.00000000099999999999 
0.00000000099999999999 0.00000000099999999999 0.96728804814975444248 0.03271194985024541285 
0.02903910000069846731 0.02436133956784063137 0.94659955943146090185 0.00000000100000000000 
0.00000000099999999997 0.00000000099999999997 0.99999999699999997382 0.00000000099999999997 
0.00000000099999999999 0.04225968638885277406 0.95774031161114725474 0.00000000099999999999 
0.00785781878925901484 0.03831529253743971852 0.95382688767330114921 0.00000000100000000000 
0.00000000099999999997 0.00000000099999999997 0.99999999699999997382 0.00000000099999999997 
0.00000000099999999998 0.00000000099999999998 0.99999999699999986280 0.00000000099999999998 
0.00627506392899089983 0.00581365527906179628 0.98791127979194715003 0.00000000100000000000 
0.03561968021594150852 0.00000000099999999999 0.96438031778405841621 0.00000000099999999999 
0.00000000099999999999 0.00000000099999999999 0.97745995597263657384 0.02254004202736340293 
0.00000000100000000000 0.02609172361597358880 0.94093894185084159254 0.03296933353318479143 
0.04883232508950315076 0.00000000099999999999 0.95116767291049686417 0.00000000099999999999 
0.00000000099999999999 0.00000000099999999999 0.97628568008883254148 0.02371431791116746651 
0.00000000099999999999 0.00000000099999999999 0.99999999699999997382 0.00000000099999999999 
0.00000000099999999996 0.00000000099999999996 0.99999999699999986280 0.00000000099999999996 
0.00000000100000000000 0.08795075486994329006 0.91204924313005664160 0.00000000100000000000 
0.00000000099999999999 0.01834895199556282885 0.98165104600443708893 0.00000000099999999999 
0.00000000099999999996 0.00000000099999999996 0.99999999699999997382 0.00000000099999999996 
0.01095196869746315957 0.00000000099999999999 0.98904802930253676863 0.00000000099999999999 
0.00000000099999999998 0.00000000099999999998 0.99999999699999997382 0.00000000099999999998 
0.00000000100000000000 0.08688007998165125922 0.89762408398780912933 0.01549583503053949228 
0.00879599246243870092 0.02393909349008560214 0.88222929613629252898 0.08503561791118324775 
0.01154293298810162363 0.01268926105638223251 0.96878581586057432862 0.00698199009494182999 
0.00000000100000000000 0.03267182405730800765 0.95694143494042738229 0.01038674000226446660 
0.00010232031454221398 0.02211776706147386765 0.92754129765031712029 0.05023861497366684248 
0.00000000099999999998 0.00000000099999999998 0.99999999699999986280 0.00000000099999999998 
0.03977152769214956085 0.00000000099999999999 0.96022847030785030142 0.00000000099999999999 
0.00000000100000000000 0.01659851249370661308 0.98340148550629347124 0.00000000100000000000 
0.00000000099999999999 0.09535895475502932650 0.90464104324497063292 0.00000000099999999999 
0.00000000100000000000 0.00000073250641716962 0.99999926549358275629 0.00000000100000000000 
0.00000008231676032148 0.01748116393595804119 0.94618463028315324959 0.03633412346412837057 
0.00000000099999999997 0.00000000099999999997 0.99999999699999997382 0.00000000099999999997 
0.00000000099999999999 0.00400339670450712733 0.99599660129549283383 0.00000000099999999999 
0.03403877261046976688 0.00000000100000000000 0.85061773278678409760 0.11534349360274614993 
0.00000000099999999999 0.00000000099999999999 0.99999999699999986280 0.00000000099999999999 
0.00000000099999999999 0.06676321458033909750 0.20038717463140290342 0.73284960978825786082 
0.00000000099999999997 0.01051377711707354896 0.21021739128243024930 0.77926883060049623175 
0.01916835695577575813 0.00000000099999999999 0.18702750588192487702 0.79380413616229950069 
0.00000000099999999998 0.04856379324279653381 0.16198724601484437713 0.78944895974235906877 
0.00185091076476104821 0.02031176142127756601 0.21374935716291773580 0.76408797065104361312 
0.00000000099999999998 0.01331937262721770432 0.18900829458393364479 0.79767233178884855427 
0.00000000100000000000 0.05270858608082774899 0.16069129004518414860 0.78660012287398817232 
0.00000000099999999999 0.05635550469787959510 0.19696811058382029946 0.74667638371830014066 
0.00000000099999999998 0.01912312568439167998 0.16932750435144250378 0.81154936896416574044 
0.00000000099999999997 0.00000000099999999997 0.22484924725793942191 0.77515075074206063466 
0.00000000099999999998 0.00000000099999999998 0.23661806434267304566 0.76338193365732709417 
0.00000000099999999999 0.02911988004202248001 0.14919520034270625231 0.82168491861527115372 
0.00000000099999999998 0.01039976230016033225 0.21864519196474069274 0.77095504473509890442 
0.00000000099999999998 0.06735650615331606472 0.13494395115779383998 0.79769954168889001256 
0.00000000099999999997 0.00000000118468469292 0.18676779881468633104 0.81323219900062904131 
0.00000000099999999998 0.00000000099999999998 0.23796253754063143027 0.76203746045936848752 
0.00000000099999999999 0.07628673217067676038 0.18986027283978124114 0.73385299398954206840 
0.00000000099999999992 0.99999999699999997382 0.00000000099999999992 0.00000000099999999992 
0.00000000099999999993 0.99999999699999997382 0.00000000099999999993 0.00000000099999999993 
0.00517849476074205839 0.94177116180204045737 0.00000000100000000000 0.05305034243721762355 
0.00000000099999999989 0.99999999700000008485 0.00000000099999999989 0.00000000099999999989 
0.00000000099999999995 0.99999999700000008485 0.00000000099999999995 0.00000000099999999995 
0.00000000099999999997 0.99999999700000008485 0.00000000099999999997 0.00000000099999999997 
0.00000000099999999992 0.99999999700000008485 0.00000000099999999992 0.00000000099999999992 
0.00000000099999999995 0.99654595878644458562 0.00345403921355529444 0.00000000099999999995 
0.00000000099999999996 0.99894263633974922367 0.00105736166025081424 0.00000000099999999996 
0.00000000099999999992 0.99999999699999997382 0.00000000099999999992 0.00000000099999999992 
0.00000000099999999994 0.99999999699999997382 0.00000000099999999994 0.00000000099999999994 
0.00000000099999999995 0.99999999699999997382 0.00000000099999999995 0.00000000099999999995 
0.00000000099999999999 0.98291537312222143630 0.00000000099999999999 0.01708462487777859251 
0.00000000099999999995 0.99999999699999997382 0.00000000099999999995 0.00000000099999999995 
0.00000000099999999997 0.97477955348529043977 0.00000000099999999997 0.02522044451470960985 
0.00000000099999999993 0.99999999699999997382 0.00000000099999999993 0.00000000099999999993 
0.00000000099999999997 0.99642783795981104689 0.00357216004018896501 0.00000000099999999997 
0.00000000099999999993 0.99999999700000008485 0.00000000099999999993 0.00000000099999999993 
0.00000000099999999994 0.99999999699999997382 0.00000000099999999994 0.00000000099999999994 
0.00000000099999999993 0.99999999699999997382 0.00000000099999999993 0.00000000099999999993 
0.00000000099999999996 0.99999999699999997382 0.00000000099999999996 0.00000000099999999996 
0.00000000099999999996 0.99999999700000008485 0.00000000099999999996 0.00000000099999999996 
0.00000000099999999993 0.99999999700000008485 0.00000000099999999993 0.00000000099999999993 
0.00000000099999999993 0.99999999700000008485 0.00000000099999999993 0.00000000099999999993 
0.00000000099999999991 0.99999999700000008485 0.00000000099999999991 0.00000000099999999991 
0.00000000099999999997 0.96974220260406351901 0.03025779539593653408 0.00000000099999999997 
0.00000000099999999992 0.99999999700000008485 0.00000000099999999992 0.00000000099999999992 
0.00000000099999999997 0.99999999699999997382 0.00000000099999999997 0.00000000099999999997 
0.00000000099999999991 0.99999999700000008485 0.00000000099999999991 0.00000000099999999991 
0.00000000099999999994 0.99999999699999997382 0.00000000099999999994 0.00000000099999999994 
0.00000000100000000000 0.04151824759276639271 0.05405128354175226663 0.90443046786548120242 
0.02131148763547054473 0.08242983043555768274 0.15387778467023902063 0.74238089725873268598 
0.00000000099999999999 0.10771208748644194031 0.14815516650014246003 0.74413274501341553080 
0.00000000100000000000 0.04205623647482014532 0.09297796231142302359 0.86496580021375668590 
0.00000000099999999999 0.05197111047596031375 0.17331788263725483867 0.77471100588678476484 
0.01972744100134236553 0.06812057797874485066 0.12213549056554037775 0.79001649045437238872 
0.00000000099999999999 0.00526170606930306730 0.20379599913194162975 0.79094229379875524710 
0.00000000099999999999 0.08616821613645032907 0.13323618839028422700 0.78059559447326554160 
0.00000000100000000000 0.05917796199013492658 0.22311197028090190564 0.71771006672896320300 
0.00648280398218484787 0.08073482762000891433 0.14234593919251720129 0.77043642920528909723 
0.00000000099999999999 0.02869916563714362476 0.09503374313401564966 0.87626709022884086142 
0.00000000100000000000 0.00000329966558003223 0.21095122380461867051 0.78904547552980119907 
0.99999999700000008485 0.00000000099999999994 0.00000000099999999994 0.00000000099999999994 
0.99999999700000008485 0.00000000099999999987 0.00000000099999999987 0.00000000099999999987 
0.99999999699999997382 0.00000000099999999987 0.00000000099999999987 0.00000000099999999987 
0.99999999700000008485 0.00000000099999999990 0.00000000099999999990 0.00000000099999999990 
0.99999999699999997382 0.00000000099999999988 0.00000000099999999988 0.00000000099999999988 
0.99999999699999997382 0.00000000099999999993 0.00000000099999999993 0.00000000099999999993 
0.99999999700000008485 0.00000000099999999991 0.00000000099999999991 0.00000000099999999991 
0.99999999700000008485 0.00000000099999999984 0.00000000099999999984 0.00000000099999999984 
0.99999999699999997382 0.00000000099999999990 0.00000000099999999990 0.00000000099999999990 
0.99999999700000008485 0.00000000099999999992 0.00000000099999999992 0.00000000099999999992 
0.99999999699999997382 0.00000000099999999997 0.00000000099999999997 0.00000000099999999997 
0.99999999699999997382 0.00000000099999999987 0.00000000099999999987 0.00000000099999999987 
0.00000000099999999994 0.00000000099999999994 0.00000000099999999994 0.99999999699999997382 
0.03086195599642155632 0.00000000099999999996 0.00000000099999999996 0.96913804200357844820 
0.05756958856866318391 0.00000000099999999997 0.00000000099999999997 0.94243040943133693510 
0.00057327127696286907 0.00000000099999999997 0.00000000099999999997 0.99942672672303700665 
0.00000000099999999995 0.00000000099999999995 0.00000000099999999995 0.99999999699999997382 
0.03196583790860462598 0.00000000099999999998 0.00000000099999999998 0.96803416009139531262 
0.04982579835028521503 0.00000000099999999997 0.00000000099999999997 0.95017419964971472357 
0.09502471459088412953 0.00000000099999999998 0.00000000099999999998 0.90497528340911581601 
0.01889981466569940968 0.00000000099999999996 0.00000000099999999996 0.98110018333430060178 
0.00197551771744714942 0.00000000099999999996 0.00000000099999999996 0.99802448028255297263 
0.05868544319313296481 0.00000000099999999997 0.00000000099999999997 0.94131455480686709869 
0.08294256235123319276 0.00000000099999999996 0.00000000099999999996 0.91705743564876684992 
0.06689153607495172682 0.00000000099999999997 0.00000000099999999997 0.93310846192504837138 
0.00000000099999999997 0.95184666805016582281 0.00000000099999999997 0.04815332994983423376 
0.00000000099999999997 0.84035745389823446327 0.00000000099999999997 0.15964254410176553778 
0.00000000099999999996 0.99999999700000008485 0.00000000099999999996 0.00000000099999999996 
0.00000000099999999997 0.99999999700000008485 0.00000000099999999997 0.00000000099999999997 
0.00000000099999999997 0.88730420834346501735 0.00000000099999999997 0.11269578965653508085 
0.00000000099999999996 0.94250092052574641066 0.00000000099999999996 0.05749907747425358345 
0.00000000099999999999 0.99107965209649473426 0.00000000099999999999 0.00892034590350520781 
0.00000000099999999998 0.88972710420300749057 0.00000000099999999998 0.11027289379699264926 
0.00000000099999999996 0.96125560182765146244 0.00000000099999999996 0.03874439617234865657 
0.00000000099999999997 0.88323706064923623860 0.00000000099999999997 0.11676293735076387348 
0.00000000099999999997 0.95225750975339462645 0.00000000099999999997 0.04774248824660536072 
0.00000000099999999996 0.94299124886552398994 0.00000000099999999996 0.05700874913447613601 
0.01428793237044827247 0.92558433090432101764 0.00000000099999999998 0.06012773572523066878 
0.00000000099999999995 0.98794081781901377237 0.00000000099999999995 0.01205918018098628419 
0.00629781315575781483 0.92739306017259326431 0.00000000099999999998 0.06630912567164905236 
0.00000000099999999997 0.93790490369098566958 0.00000000099999999997 0.06209509430901424820 
0.00000000099999999997 0.91963692906913618863 0.00000000099999999997 0.08036306893086381242 
0.00000000099999999997 0.91109084270122242533 0.00000000099999999997 0.08890915529877754797 
0.00000000099999999996 0.94390685543722030459 0.00000000099999999996 0.05609314256277966870 
0.03983458218466567891 0.00000000100000000000 0.00000000100000000000 0.96016541581533443317 
0.01140769786355095433 0.01018645921047718443 0.28694285104907751860 0.69146299187689419519 
0.03299495971279075429 0.02754187673739547787 0.00000000100000000000 0.93946316254981376836 
0.01232443711839285860 0.09414485464020537486 0.00000000099999999999 0.89353070724140182257 
0.09445064495951156769 0.02662769271561743825 0.03770945665206368314 0.84121220567280741154 
0.00000000099999999999 0.05865983823218713644 0.07207271195482251036 0.86926744881299033985 
0.04465181620552816089 0.03884627105113708234 0.05509362756852494852 0.86140828517480994009 
0.09058458561191651270 0.04672602563488510719 0.00000000100000000000 0.86268938775319825574 
0.03444508600953642002 0.02430084687250281747 0.05525486927719873431 0.88599919784076197615 
0.05677377498182645255 0.08377704928263289552 0.06473999130597081486 0.79470918442956994809 
0.07639275797474348595 0.00000000100000000000 0.10077106171271345281 0.82283617931254304789 
0.07672797421157202813 0.06693301015243169338 0.00000000100000000000 0.85633901463599626513 
0.05551597603916741397 0.11570577948244373245 0.00000000100000000000 0.82877824347838890962 
