0.00000000099999999969 0.00000000099999999969 0.99999999200000000421 0.00000000099999999969 0.00000000099999999969 0.00000000099999999969 0.00000000099999999969 0.00000000099999999969 0.00000000099999999969 
0.00000000099999999984 0.00000000099999999984 0.99999999200000011523 0.00000000099999999984 0.00000000099999999984 0.00000000099999999984 0.00000000099999999984 0.00000000099999999984 0.00000000099999999984 
0.00000000099999999976 0.00000000099999999976 0.99999999200000011523 0.00000000099999999976 0.00000000099999999976 0.00000000099999999976 0.00000000099999999976 0.00000000099999999976 0.00000000099999999976 
0.00000000099999999971 0.00000000099999999971 0.99999999200000000421 0.00000000099999999971 0.00000000099999999971 0.00000000099999999971 0.00000000099999999971 0.00000000099999999971 0.00000000099999999971 
0.00000000099999999985 0.00000000099999999985 0.99999999200000000421 0.00000000099999999985 0.00000000099999999985 0.00000000099999999985 0.00000000099999999985 0.00000000099999999985 0.00000000099999999985 
0.00000000099999999968 0.00000000099999999968 0.99999999200000000421 0.00000000099999999968 0.00000000099999999968 0.00000000099999999968 0.00000000099999999968 0.00000000099999999968 0.00000000099999999968 
0.00000000099999999972 0.00000000099999999972 0.99999999200000011523 0.00000000099999999972 0.00000000099999999972 0.00000000099999999972 0.00000000099999999972 0.00000000099999999972 0.00000000099999999972 
0.00000000099999999966 0.00000000099999999966 0.99999999200000011523 0.00000000099999999966 0.00000000099999999966 0.00000000099999999966 0.00000000099999999966 0.00000000099999999966 0.00000000099999999966 
0.00000000099999999963 0.00000000099999999963 0.99999999200000011523 0.00000000099999999963 0.00000000099999999963 0.00000000099999999963 0.00000000099999999963 0.00000000099999999963 0.00000000099999999963 
0.00000000099999999982 0.00000000099999999982 0.99999999200000011523 0.00000000099999999982 0.00000000099999999982 0.00000000099999999982 0.00000000099999999982 0.00000000099999999982 0.00000000099999999982 
0.00000000099999999996 0.00000000099999999996 0.00000000099999999996 0.00000000099999999996 0.02766558094110017560 0.97232721979959246816 0.00000000099999999996 0.00000000099999999996 0.00000719325930747499 
0.00000000099999999988 0.00000000099999999988 0.00000000099999999988 0.00000000099999999988 0.00000000099999999988 0.99999999200000000421 0.00000000099999999988 0.00000000099999999988 0.00000000099999999988 
0.00000000099999999998 0.00000000099999999998 0.00000007093922576619 0.00000000099999999998 0.00190258687792336720 0.95429098722223693052 0.00000000099999999998 0.04380634219322650930 0.00000000876738732037 
0.00000000099999999995 0.00000000099999999995 0.01248400723270669428 0.00000000099999999995 0.00000000099999999995 0.98751598576729326950 0.00000000099999999995 0.00000000099999999995 0.00000000099999999995 
0.00000000099999999996 0.00000000099999999996 0.00000000099999999996 0.00000000099999999996 0.00000000099999999996 0.99616769800307569671 0.00383229499692436118 0.00000000099999999996 0.00000000099999999996 
0.00000000099999999993 0.00000000099999999993 0.00767485229069398821 0.00000000099999999993 0.00000000099999999993 0.99232514070930610828 0.00000000099999999993 0.00000000099999999993 0.00000000099999999993 
0.00000000099999999997 0.00000000099999999997 0.00000360727845285350 0.00000000099999999997 0.00000000099999999997 0.97162518095687744335 0.02818848079376081936 0.00018272597090895310 0.00000000099999999997 
0.00523116782820958349 0.00000000099999999994 0.00000000099999999994 0.00000000099999999994 0.00000000099999999994 0.99476882517179043841 0.00000000099999999994 0.00000000099999999994 0.00000000099999999994 
0.00000000099999999995 0.00000000099999999995 0.00000000099999999995 0.00000000099999999995 0.00000000099999999995 0.99999999200000011523 0.00000000099999999995 0.00000000099999999995 0.00000000099999999995 
0.00000000099999999998 0.00000000099999999998 0.02647103502561274496 0.00000000099999999998 0.00000000099999999998 0.94362882834280770172 0.00080675733181304261 0.00000000099999999998 0.02909337429976658132 
0.00000000099999999996 0.00000000099999999996 0.00000000099999999996 0.00000000099999999996 0.00000000099999999996 0.99999856069845494133 0.00000000099999999996 0.00000000099999999996 0.00000143230154518662 
0.00000000099999999995 0.00000000099999999995 0.00000000099999999995 0.00000000099999999995 0.00000000099999999995 0.98811864036350882667 0.00001085927186478902 0.01187049436462624639 0.00000000099999999995 
0.00000000099999999990 0.00000000099999999990 0.00000000099999999990 0.00000000099999999990 0.00000000099999999990 0.99999999200000011523 0.00000000099999999990 0.00000000099999999990 0.00000000099999999990 
0.00000000099999999993 0.00000000099999999993 0.00000000099999999993 0.00000000099999999993 0.00000000099999999993 0.99999999200000000421 0.00000000099999999993 0.00000000099999999993 0.00000000099999999993 
0.00000000099999999994 0.00000000099999999994 0.00000000099999999994 0.00000074135645297644 0.00000000099999999994 0.86192985169046854033 0.00000000099999999994 0.13806940095307851379 0.00000000099999999994 
0.00000408736775315392 0.00000000099999999998 0.00000000099999999998 0.01756944595106764082 0.00000000099999999998 0.92556278308732242710 0.01937156474607180934 0.00000000099999999998 0.03749211484778514764 
0.02939212891016992901 0.00000000099999999992 0.00000000099999999992 0.00000000099999999992 0.00000000099999999992 0.97060786408983013018 0.00000000099999999992 0.00000000099999999992 0.00000000099999999992 
0.00000000099999999995 0.00000000099999999995 0.00000000099999999995 0.01415130538025276448 0.00000000099999999995 0.98584868761974731033 0.00000000099999999995 0.00000000099999999995 0.00000000099999999995 
0.00002706305428434126 0.00765038103518087768 0.00000000099999999996 0.00000000099999999996 0.00000000099999999996 0.96323149877210245684 0.02909103568751951474 0.00000000099999999996 0.00000001745091282431 
0.00000000099999999998 0.00000000099999999998 0.00000000099999999998 0.02355997362950454713 0.00037998388725662432 0.92861900499464633540 0.00000000099999999998 0.00000000099999999998 0.04744103248859255634 
0.00000000099999999998 0.00155882292899510205 0.00000000099999999998 0.00000000099999999998 0.00000110604371858637 0.91655010975223838443 0.00000000099999999998 0.00000000099999999998 0.08188995627504797037 
0.00000000099999999998 0.00000000099999999998 0.00411804100377053100 0.00000000099999999998 0.01173078787421198872 0.96172975357783485606 0.00978479402049229827 0.01263661952369027862 0.00000000099999999998 
0.00000000099999999994 0.00000000099999999994 0.00000000099999999994 0.00000000099999999994 0.00000000099999999994 0.99882749897640443759 0.00117249402359552901 0.00000000099999999994 0.00000000099999999994 
0.00000000099999999994 0.00000000099999999994 0.00000000099999999994 0.00000000099999999994 0.01212163441657345200 0.97575086694130719334 0.00000000099999999994 0.01212749264211941853 0.00000000099999999994 
0.00000000099999999996 0.04291835411007314388 0.03953348156804310787 0.00031072198907695946 0.00000000099999999996 0.88166980012583695547 0.00000000099999999996 0.00000000099999999996 0.03556763820696973166 
0.00000000099999999999 0.03233716079213484751 0.01503758309624415521 0.01417606553235120637 0.01070497679688299682 0.91027188124993085871 0.01296993448065627760 0.00450239605179960159 0.00000000099999999999 
0.00000000099999999994 0.00000000099999999994 0.00000000099999999994 0.00000000099999999994 0.00000000099999999994 0.95108887513930284729 0.00000000099999999994 0.04891111786069731598 0.00000000099999999994 
0.00000000099999999998 0.00000000099999999998 0.00000024082393582666 0.00000000099999999998 0.01853438516393100116 0.90350149186452544114 0.00000000099999999998 0.07796387714760782961 0.00000000099999999998 
0.00000000099999999998 0.00000000099999999998 0.00009129496933205750 0.02262024786278489866 0.01779196523637046126 0.95849657263395460216 0.00000000099999999998 0.00000000099999999998 0.00099991529755816201 
0.00000000099999999991 0.00000000099999999991 0.00000000099999999991 0.00000000099999999991 0.00000000099999999991 0.99999999200000011523 0.00000000099999999991 0.00000000099999999991 0.00000000099999999991 
0.00000000099999999995 0.00000000099999999995 0.00000000099999999995 0.00000000099999999995 0.00000000099999999995 0.93441929671493073606 0.00000000099999999995 0.00000000099999999995 0.06558069628506928150 
0.00000000099999999996 0.00000000099999999996 0.00000000099999999996 0.00000000099999999996 0.00000000099999999996 0.90554025280019156963 0.00000000099999999996 0.09040771630408422910 0.00405202489572430331 
0.00000000099999999993 0.00000000099999999993 0.00000000099999999993 0.00000000099999999993 0.00000000099999999993 0.97974075356283529814 0.02025923943716464309 0.00000000099999999993 0.00000000099999999993 
0.00000000099999999995 0.00000000099999999995 0.02194035494188725788 0.00000000099999999995 0.00000000099999999995 0.93283277991652080452 0.04522685914159201709 0.00000000099999999995 0.00000000099999999995 
0.00000000099999999997 0.00000000099999999997 0.00000000099999999997 0.00000000099999999997 0.01752520091484666143 0.98247479208515331450 0.00000000099999999997 0.00000000099999999997 0.00000000099999999997 
0.00000000099999999995 0.00000000099999999995 0.00000000099999999995 0.02115402741258919778 0.00000000099999999995 0.97730201161981455904 0.00000000099999999995 0.00154395496759615505 0.00000000099999999995 
0.00003327642849180731 0.00000000099999999996 0.00000000099999999996 0.00000000099999999996 0.00000000099999999996 0.96203336383000903620 0.00000000099999999996 0.03793335374149910122 0.00000000099999999996 
0.00000000099999999998 0.00837976770131926459 0.00000000099999999998 0.00000000099999999998 0.01289393196298106899 0.85665576186090353072 0.03517541612507375792 0.08689511834972231397 0.00000000099999999998 
0.00000000099999999971 0.00000000099999999971 0.00000000099999999971 0.00000000099999999971 0.00000000099999999971 0.00000000099999999971 0.99999999200000000421 0.00000000099999999971 0.00000000099999999971 
0.00000000099999999973 0.00000000099999999973 0.00000000099999999973 0.00000000099999999973 0.00000000099999999973 0.00000000099999999973 0.99999999200000000421 0.00000000099999999973 0.00000000099999999973 
0.00000000099999999973 0.00000000099999999973 0.00000000099999999973 0.00000000099999999973 0.00000000099999999973 0.00000000099999999973 0.99999999200000000421 0.00000000099999999973 0.00000000099999999973 
0.00000000099999999975 0.00000000099999999975 0.00000000099999999975 0.00000000099999999975 0.00000000099999999975 0.00000000099999999975 0.99999999200000000421 0.00000000099999999975 0.00000000099999999975 
0.00000000099999999967 0.00000000099999999967 0.00000000099999999967 0.00000000099999999967 0.00000000099999999967 0.00000000099999999967 0.99999999200000000421 0.00000000099999999967 0.00000000099999999967 
0.00000000099999999970 0.00000000099999999970 0.00000000099999999970 0.00000000099999999970 0.00000000099999999970 0.00000000099999999970 0.99999999199999989319 0.00000000099999999970 0.00000000099999999970 
0.00000000099999999971 0.00000000099999999971 0.00000000099999999971 0.00000000099999999971 0.00000000099999999971 0.00000000099999999971 0.99999999199999989319 0.00000000099999999971 0.00000000099999999971 
0.00000000099999999985 0.00000000099999999985 0.00000000099999999985 0.00000000099999999985 0.00000000099999999985 0.00000000099999999985 0.99999999199999989319 0.00000000099999999985 0.00000000099999999985 
0.00000000099999999971 0.00000000099999999971 0.00000000099999999971 0.00000000099999999971 0.00000000099999999971 0.00000000099999999971 0.99999999200000000421 0.00000000099999999971 0.00000000099999999971 
0.00000000099999999990 0.00000000099999999990 0.00000000099999999990 0.00000000099999999990 0.00000000099999999990 0.00000000099999999990 0.95675982075948484695 0.00000000099999999990 0.04324017224051504571 
0.00000000099999999994 0.00000000099999999994 0.00000000099999999994 0.00000000099999999994 0.00000000099999999994 0.00000000099999999994 0.99999999200000000421 0.00000000099999999994 0.00000000099999999994 
0.00000000099999999983 0.00000000099999999983 0.00000000099999999983 0.00000000099999999983 0.00000000099999999983 0.00000000099999999983 0.99999999200000000421 0.00000000099999999983 0.00000000099999999983 
0.00000000099999999989 0.00000000099999999989 0.00000000099999999989 0.00000000099999999989 0.00000000099999999989 0.00000000099999999989 0.99999999200000000421 0.00000000099999999989 0.00000000099999999989 
0.00136641200487693263 0.01891839671232423137 0.04418510785140612046 0.00000000099999999998 0.00024230691209950686 0.92586303889525434219 0.00000000099999999998 0.00000000099999999998 0.00942473462403886804 
0.00000000099999999995 0.03097345223858852942 0.00000000099999999995 0.00000000099999999995 0.00000000099999999995 0.94867249571514211670 0.01363799914048896729 0.00000000099999999995 0.00671604790578051412 
0.00000000099999999996 0.01537509598394780526 0.00000000099999999996 0.03340006960437315320 0.00000000099999999996 0.89966559641932442037 0.01746435250296813832 0.00000000099999999996 0.03409488148938637220 
0.00000000099999999998 0.04356794568736654938 0.00000000099999999998 0.00000000099999999998 0.00000000099999999998 0.94640597327550191054 0.00000000099999999998 0.00000000099999999998 0.01002607503713176182 
0.00000000099999999996 0.06973191008003561120 0.00000000099999999996 0.00000000099999999996 0.02960887862191196110 0.77275660339285434652 0.07456901708538031526 0.00000000099999999996 0.05333358681981775762 
0.00000000099999999997 0.02083815840196599073 0.01160904989044044509 0.00000000099999999997 0.00000000099999999997 0.96755278570759362111 0.00000000099999999997 0.00000000099999999997 0.00000000099999999997 
0.00000000099999999999 0.01415088476274783957 0.01208699754039559322 0.00701353704567004611 0.05478657692573459664 0.91184220967392626278 0.00011979105152558739 0.00000000099999999999 0.00000000099999999999 
0.00000000099999999994 0.00000000099999999994 0.00000000099999999994 0.00000000099999999994 0.00000000099999999994 0.96440277451559675015 0.03559721848440316333 0.00000000099999999994 0.00000000099999999994 
0.00000000099999999996 0.00000000099999999996 0.00000000099999999996 0.00000000099999999996 0.00000000099999999996 0.94104849068799167888 0.03953276408951068854 0.00000000099999999996 0.01941873922249784390 
0.05549714490200611389 0.00000000099999999998 0.00000000099999999998 0.00571819572644954519 0.00000974099205585710 0.76305611093809666556 0.04939811058201674238 0.12632069385937486072 0.00000000099999999998 
0.00000000099999999992 0.00000000099999999992 0.00000000099999999992 0.00000000099999999992 0.00000000099999999992 0.98508708200110361997 0.00000000099999999992 0.00000000099999999992 0.01491291099889649648 
0.00000000099999999989 0.99999999200000011523 0.00000000099999999989 0.00000000099999999989 0.00000000099999999989 0.00000000099999999989 0.00000000099999999989 0.00000000099999999989 0.00000000099999999989 
0.00000000099999999982 0.99999999200000011523 0.00000000099999999982 0.00000000099999999982 0.00000000099999999982 0.00000000099999999982 0.00000000099999999982 0.00000000099999999982 0.00000000099999999982 
0.00000000099999999983 0.99999999200000022626 0.00000000099999999983 0.00000000099999999983 0.00000000099999999983 0.00000000099999999983 0.00000000099999999983 0.00000000099999999983 0.00000000099999999983 
0.00000000099999999986 0.99999999200000022626 0.00000000099999999986 0.00000000099999999986 0.00000000099999999986 0.00000000099999999986 0.00000000099999999986 0.00000000099999999986 0.00000000099999999986 
0.00000000099999999994 0.99999999200000011523 0.00000000099999999994 0.00000000099999999994 0.00000000099999999994 0.00000000099999999994 0.00000000099999999994 0.00000000099999999994 0.00000000099999999994 
0.00000000099999999981 0.99999999200000022626 0.00000000099999999981 0.00000000099999999981 0.00000000099999999981 0.00000000099999999981 0.00000000099999999981 0.00000000099999999981 0.00000000099999999981 
0.00000000099999999985 0.99999999200000022626 0.00000000099999999985 0.00000000099999999985 0.00000000099999999985 0.00000000099999999985 0.00000000099999999985 0.00000000099999999985 0.00000000099999999985 
0.03097816898903526031 0.87881750567852046085 0.00000000099999999994 0.00000000099999999994 0.09020431933244442424 0.00000000099999999994 0.00000000099999999994 0.00000000099999999994 0.00000000099999999994 
0.00000000099999999981 0.99999999200000011523 0.00000000099999999981 0.00000000099999999981 0.00000000099999999981 0.00000000099999999981 0.00000000099999999981 0.00000000099999999981 0.00000000099999999981 
0.00000000099999999987 0.99999999200000011523 0.00000000099999999987 0.00000000099999999987 0.00000000099999999987 0.00000000099999999987 0.00000000099999999987 0.00000000099999999987 0.00000000099999999987 
0.00000000099999999988 0.99999999200000011523 0.00000000099999999988 0.00000000099999999988 0.00000000099999999988 0.00000000099999999988 0.00000000099999999988 0.00000000099999999988 0.00000000099999999988 
0.05390516222936723306 0.94223322006659371297 0.00000000099999999993 0.00000000099999999993 0.00000000099999999993 0.00000000099999999993 0.00000000099999999993 0.00000000099999999993 0.00386161170403917248 
0.00000000099999999990 0.99999999200000011523 0.00000000099999999990 0.00000000099999999990 0.00000000099999999990 0.00000000099999999990 0.00000000099999999990 0.00000000099999999990 0.00000000099999999990 
0.00000000099999999980 0.99999999200000022626 0.00000000099999999980 0.00000000099999999980 0.00000000099999999980 0.00000000099999999980 0.00000000099999999980 0.00000000099999999980 0.00000000099999999980 
0.00000000099999999980 0.99999999200000022626 0.00000000099999999980 0.00000000099999999980 0.00000000099999999980 0.00000000099999999980 0.00000000099999999980 0.00000000099999999980 0.00000000099999999980 
0.00000000099999999982 0.99999999200000011523 0.00000000099999999982 0.00000000099999999982 0.00000000099999999982 0.00000000099999999982 0.00000000099999999982 0.00000000099999999982 0.00000000099999999982 
0.00000000099999999982 0.99999999200000022626 0.00000000099999999982 0.00000000099999999982 0.00000000099999999982 0.00000000099999999982 0.00000000099999999982 0.00000000099999999982 0.00000000099999999982 
0.00000000099999999981 0.00000000099999999981 0.00000000099999999981 0.00000000099999999981 0.00000000099999999981 0.00000000099999999981 0.00000000099999999981 0.00000000099999999981 0.99999999200000000421 
0.00000000099999999987 0.00000000099999999987 0.00000000099999999987 0.00000000099999999987 0.08756300120615205518 0.00000000099999999987 0.00000000099999999987 0.00000000099999999987 0.91243699179384796238 
0.00000000099999999996 0.05325654188950643131 0.00008065305921361172 0.00000000099999999996 0.44017701183738783266 0.00000000099999999996 0.00000000099999999996 0.00000000099999999996 0.50648578821389200755 
0.00000000099999999980 0.00000000099999999980 0.00000000099999999980 0.00000000099999999980 0.07078693610579388229 0.00000000099999999980 0.00000000099999999980 0.00000000099999999980 0.92921305689420619078 
0.00000000099999999986 0.00000000099999999986 0.00000000099999999986 0.00000000099999999986 0.00000000099999999986 0.00000000099999999986 0.00000000099999999986 0.00000000099999999986 0.99999999199999989319 
0.00000000099999999995 0.00000000099999999995 0.00000000099999999995 0.00000000099999999995 0.08838567287484047630 0.00000000099999999995 0.00000000099999999995 0.00000000099999999995 0.91161432012515963841 
0.00000000099999999988 0.00000000099999999988 0.00000000099999999988 0.00000000099999999988 0.12860137374597183091 0.00000000099999999988 0.00000000099999999988 0.00000000099999999988 0.87139861925402817278 
0.00000000099999999989 0.00000000099999999989 0.00000000099999999989 0.00000000099999999989 0.00000000099999999989 0.00000000099999999989 0.00000000099999999989 0.00000000099999999989 0.99999999199999989319 
0.00000000099999999988 0.00000000099999999988 0.00000000099999999988 0.00000000099999999988 0.00000000099999999988 0.00000000099999999988 0.00000000099999999988 0.00000000099999999988 0.99999999199999989319 
0.00000000099999999986 0.00000000099999999986 0.00000000099999999986 0.00000000099999999986 0.05441658395622672034 0.00000000099999999986 0.00000000099999999986 0.00000000099999999986 0.94558340904377335967 
0.00000000099999999982 0.00000000099999999982 0.00000000099999999982 0.00000000099999999982 0.00000000099999999982 0.00000000099999999982 0.00000000099999999982 0.00000000099999999982 0.99999999199999989319 
0.00267739604712874044 0.00000000099999999990 0.00000000099999999990 0.00000000099999999990 0.21659407980745534750 0.00000000099999999990 0.00000000099999999990 0.00000000099999999990 0.78072851814541588400 
0.00000000099999999994 0.00000000099999999994 0.02880571344127900307 0.00000000099999999994 0.41438552349512830508 0.00000000099999999994 0.00000000099999999994 0.00000000099999999994 0.55680875706359267419 
0.00000000099999999991 0.00000000099999999991 0.00000000099999999991 0.00000000099999999991 0.25378389118021349447 0.00000000099999999991 0.01075836504322311669 0.00000000099999999991 0.73545773777656320291 
0.00000000099999999994 0.00841543481348190625 0.00000000099999999994 0.00000000099999999994 0.25420595076787538824 0.00000000099999999994 0.00000000099999999994 0.03677872102753869388 0.70059988839110398651 
0.00000000099999999985 0.00000000099999999985 0.00000000099999999985 0.00000000099999999985 0.00000000099999999985 0.00000000099999999985 0.00000000099999999985 0.00000000099999999985 0.99999999200000000421 
0.00000000099999999990 0.01937983530414281313 0.00000000099999999990 0.00000000099999999990 0.00000000099999999990 0.00000000099999999990 0.00000000099999999990 0.00000000099999999990 0.98062015769585719749 
0.00000000099999999987 0.00000000099999999987 0.00000000099999999987 0.00000000099999999987 0.05951207672103966256 0.00000000099999999987 0.00000000099999999987 0.00000000099999999987 0.94048791627896044520 
0.00000000099999999986 0.00000000099999999986 0.00000000099999999986 0.00000000099999999986 0.00000000099999999986 0.00000000099999999986 0.00000000099999999986 0.00000000099999999986 0.99999999199999989319 
0.00000000099999999987 0.00000000099999999987 0.00000000099999999987 0.00000000099999999987 0.00000000099999999987 0.00000000099999999987 0.00000000099999999987 0.00000000099999999987 0.99999999200000000421 
0.00000000099999999991 0.00000000099999999991 0.00000000099999999991 0.00000000099999999991 0.22386690247399462783 0.00000000099999999991 0.00000000099999999991 0.00000000099999999991 0.77613309052600532034 
0.00000107288996847308 0.00000000099999999993 0.00000000099999999993 0.00000000099999999993 0.03691967649023746717 0.00000000099999999993 0.00000000099999999993 0.00000000099999999993 0.96307924461979410591 
0.00000000099999999986 0.00000000099999999986 0.00000000099999999986 0.00000000099999999986 0.08294791877387558410 0.00000000099999999986 0.00000000099999999986 0.00000000099999999986 0.91705207422612444734 
0.00000000099999999985 0.00000000099999999985 0.00000000099999999985 0.00000000099999999985 0.10838530717016220395 0.00000000099999999985 0.00000000099999999985 0.00000000099999999985 0.89161468582983771647 
0.00000000099999999984 0.00000000099999999984 0.00000000099999999984 0.00000000099999999984 0.03554194578940810673 0.00000000099999999984 0.00000000099999999984 0.00000000099999999984 0.96445804721059191777 
0.00156341646483240258 0.00000000099999999995 0.00000000099999999995 0.00000000099999999995 0.15388064520103120203 0.00000000099999999995 0.00000000099999999995 0.00000000099999999995 0.84455593233413639442 
0.00000000099999999983 0.00000000099999999983 0.00000000099999999983 0.00000000099999999983 0.00000000099999999983 0.00000000099999999983 0.00000000099999999983 0.00000000099999999983 0.99999999200000000421 
0.00000000099999999991 0.00000000099999999991 0.00000000099999999991 0.00000000099999999991 0.04377604570674541867 0.00000000099999999991 0.00000000099999999991 0.00000000099999999991 0.95622394729325466134 
0.00000000099999999982 0.00000000099999999982 0.00000000099999999982 0.00000000099999999982 0.20147509143411326815 0.00000000099999999982 0.00000000099999999982 0.00000000099999999982 0.79852490156588684656 
0.00000000099999999991 0.00000000099999999991 0.00000000099999999991 0.00000000099999999991 0.00000000099999999991 0.00000000099999999991 0.00000000099999999991 0.00000000099999999991 0.99999999199999989319 
0.20972392506524814570 0.00000000099999999994 0.00000000099999999994 0.00000000099999999994 0.00000000099999999994 0.00000282443905496752 0.00000000099999999994 0.76134179718450412100 0.02893144831119269858 
0.10428515741924017368 0.01734494410466230416 0.00000000099999999998 0.00000000099999999998 0.00000000099999999998 0.00001349848049471878 0.05515858773191930492 0.71667839493170581999 0.10651941433197775755 
0.10914195655848896171 0.06179661485680771477 0.00000000099999999994 0.00000000099999999994 0.00000000099999999994 0.00000000099999999994 0.00000000099999999994 0.72957442716314124809 0.09948699642156212664 
0.22388762067574430326 0.04338610564827573290 0.00000000099999999997 0.00000000099999999997 0.00000000099999999997 0.00000000099999999997 0.01598574320283684819 0.65225763097617883712 0.06448289549696423206 
0.15735045613144257870 0.00000000099999999996 0.00000000099999999996 0.00000000099999999996 0.00000000099999999996 0.07807189370994670197 0.01240595334104349461 0.68106285863728865948 0.07110883418027857950 
0.16842693133020306129 0.04959426263428200199 0.00000000099999999997 0.00000000099999999997 0.00000000099999999997 0.00000000099999999997 0.00000000099999999997 0.71916393119906052434 0.06281486983645444278 
0.19864950505646447598 0.01354363628287787516 0.00000000099999999995 0.00000000099999999995 0.00000000099999999995 0.04571928774904820275 0.02564223294330137196 0.65857266126984126409 0.05787267369846682552 
0.16707152841597758264 0.03657542421495435514 0.00000000099999999996 0.00000000099999999996 0.00000000099999999996 0.03220355874837060872 0.00000000099999999996 0.66899958822935234881 0.09514989639134509292 
0.07859111001656844675 0.04513851366699819789 0.00000000099999999998 0.00000000099999999998 0.00000000099999999998 0.09408011173557848106 0.00415693112222675215 0.67958071375283124471 0.09845261670579677493 
0.15359008880586655366 0.03119062541993896862 0.00009698856209517061 0.00000000099999999999 0.00000000099999999999 0.06844561711623341205 0.00000000099999999999 0.64083335091240856141 0.10584332618345732024 
0.13850565021313823721 0.00000000099999999994 0.00000000099999999994 0.00000000099999999994 0.00000000099999999994 0.00000000099999999994 0.00000000099999999994 0.83681971459767945376 0.02467462918918238504 
0.19544568378270488207 0.11234101500378412819 0.00000000099999999993 0.00000000099999999993 0.00000000099999999993 0.07814420619271961188 0.00000000099999999993 0.57191076096898085801 0.04215833005181040399 
0.00000000099999999986 0.00000000099999999986 0.00000000099999999986 0.99999999200000011523 0.00000000099999999986 0.00000000099999999986 0.00000000099999999986 0.00000000099999999986 0.00000000099999999986 
0.00000000099999999966 0.00000000099999999966 0.00000000099999999966 0.99999999200000000421 0.00000000099999999966 0.00000000099999999966 0.00000000099999999966 0.00000000099999999966 0.00000000099999999966 
0.00000000099999999966 0.00000000099999999966 0.00000000099999999966 0.99999999200000011523 0.00000000099999999966 0.00000000099999999966 0.00000000099999999966 0.00000000099999999966 0.00000000099999999966 
0.00000000099999999975 0.00000000099999999975 0.00000000099999999975 0.99999999200000000421 0.00000000099999999975 0.00000000099999999975 0.00000000099999999975 0.00000000099999999975 0.00000000099999999975 
0.00000000099999999970 0.00000000099999999970 0.00000000099999999970 0.99999999200000011523 0.00000000099999999970 0.00000000099999999970 0.00000000099999999970 0.00000000099999999970 0.00000000099999999970 
0.00000000099999999983 0.00000000099999999983 0.00000000099999999983 0.99999999200000011523 0.00000000099999999983 0.00000000099999999983 0.00000000099999999983 0.00000000099999999983 0.00000000099999999983 
0.00000000099999999975 0.00000000099999999975 0.00000000099999999975 0.99999999200000000421 0.00000000099999999975 0.00000000099999999975 0.00000000099999999975 0.00000000099999999975 0.00000000099999999975 
0.00000000099999999958 0.00000000099999999958 0.00000000099999999958 0.99999999200000011523 0.00000000099999999958 0.00000000099999999958 0.00000000099999999958 0.00000000099999999958 0.00000000099999999958 
0.00000000099999999974 0.00000000099999999974 0.00000000099999999974 0.99999999200000011523 0.00000000099999999974 0.00000000099999999974 0.00000000099999999974 0.00000000099999999974 0.00000000099999999974 
0.00000000099999999979 0.00000000099999999979 0.00000000099999999979 0.99999999200000011523 0.00000000099999999979 0.00000000099999999979 0.00000000099999999979 0.00000000099999999979 0.00000000099999999979 
0.00000000099999999989 0.00000000099999999989 0.00000000099999999989 0.99999999200000011523 0.00000000099999999989 0.00000000099999999989 0.00000000099999999989 0.00000000099999999989 0.00000000099999999989 
0.00000000099999999965 0.00000000099999999965 0.00000000099999999965 0.99999999200000011523 0.00000000099999999965 0.00000000099999999965 0.00000000099999999965 0.00000000099999999965 0.00000000099999999965 
0.99999999200000011523 0.00000000099999999982 0.00000000099999999982 0.00000000099999999982 0.00000000099999999982 0.00000000099999999982 0.00000000099999999982 0.00000000099999999982 0.00000000099999999982 
0.99999999200000022626 0.00000000099999999980 0.00000000099999999980 0.00000000099999999980 0.00000000099999999980 0.00000000099999999980 0.00000000099999999980 0.00000000099999999980 0.00000000099999999980 
0.99999999200000011523 0.00000000099999999981 0.00000000099999999981 0.00000000099999999981 0.00000000099999999981 0.00000000099999999981 0.00000000099999999981 0.00000000099999999981 0.00000000099999999981 
0.99999999200000011523 0.00000000099999999985 0.00000000099999999985 0.00000000099999999985 0.00000000099999999985 0.00000000099999999985 0.00000000099999999985 0.00000000099999999985 0.00000000099999999985 
0.99999999200000011523 0.00000000099999999974 0.00000000099999999974 0.00000000099999999974 0.00000000099999999974 0.00000000099999999974 0.00000000099999999974 0.00000000099999999974 0.00000000099999999974 
0.99999999200000022626 0.00000000099999999986 0.00000000099999999986 0.00000000099999999986 0.00000000099999999986 0.00000000099999999986 0.00000000099999999986 0.00000000099999999986 0.00000000099999999986 
0.99999999200000011523 0.00000000099999999985 0.00000000099999999985 0.00000000099999999985 0.00000000099999999985 0.00000000099999999985 0.00000000099999999985 0.00000000099999999985 0.00000000099999999985 
0.99999999200000022626 0.00000000099999999988 0.00000000099999999988 0.00000000099999999988 0.00000000099999999988 0.00000000099999999988 0.00000000099999999988 0.00000000099999999988 0.00000000099999999988 
0.99999999200000011523 0.00000000099999999977 0.00000000099999999977 0.00000000099999999977 0.00000000099999999977 0.00000000099999999977 0.00000000099999999977 0.00000000099999999977 0.00000000099999999977 
0.99999999200000022626 0.00000000099999999981 0.00000000099999999981 0.00000000099999999981 0.00000000099999999981 0.00000000099999999981 0.00000000099999999981 0.00000000099999999981 0.00000000099999999981 
0.99999999200000022626 0.00000000099999999985 0.00000000099999999985 0.00000000099999999985 0.00000000099999999985 0.00000000099999999985 0.00000000099999999985 0.00000000099999999985 0.00000000099999999985 
0.99999999200000011523 0.00000000099999999985 0.00000000099999999985 0.00000000099999999985 0.00000000099999999985 0.00000000099999999985 0.00000000099999999985 0.00000000099999999985 0.00000000099999999985 
0.99999999200000011523 0.00000000099999999986 0.00000000099999999986 0.00000000099999999986 0.00000000099999999986 0.00000000099999999986 0.00000000099999999986 0.00000000099999999986 0.00000000099999999986 
0.00000000099999999987 0.00000000099999999987 0.00000000099999999987 0.00000000099999999987 0.93359294727813590953 0.00000000099999999987 0.00000000099999999987 0.00000000099999999987 0.06640704572186412191 
0.00000000099999999987 0.00000000099999999987 0.00000000099999999987 0.00000000099999999987 0.99999999200000000421 0.00000000099999999987 0.00000000099999999987 0.00000000099999999987 0.00000000099999999987 
0.00000000099999999980 0.00000000099999999980 0.00000000099999999980 0.00000000099999999980 0.99999999200000000421 0.00000000099999999980 0.00000000099999999980 0.00000000099999999980 0.00000000099999999980 
0.00000000099999999981 0.00000000099999999981 0.00000000099999999981 0.00000000099999999981 0.92373844871819432711 0.00000000099999999981 0.00000000099999999981 0.00000000099999999981 0.07626154428180582923 
0.00000000099999999985 0.00000000099999999985 0.00000000099999999985 0.00000000099999999985 0.99999999200000011523 0.00000000099999999985 0.00000000099999999985 0.00000000099999999985 0.00000000099999999985 
0.00000000099999999985 0.00000000099999999985 0.00000000099999999985 0.00000000099999999985 0.99999999200000011523 0.00000000099999999985 0.00000000099999999985 0.00000000099999999985 0.00000000099999999985 
0.00000000099999999984 0.00000000099999999984 0.00000000099999999984 0.00000000099999999984 0.92310711115183197162 0.00000000099999999984 0.00000000099999999984 0.00000000099999999984 0.07689288184816796268 
0.00000000099999999997 0.02483649642124655804 0.02121615240957028248 0.00000000099999999997 0.84086281029260401265 0.00000000099999999997 0.00000000106544473909 0.00000000099999999997 0.11308453581113445119 
0.00000000099999999983 0.00000000099999999983 0.00000000099999999983 0.00000000099999999983 0.99999999200000011523 0.00000000099999999983 0.00000000099999999983 0.00000000099999999983 0.00000000099999999983 
0.00000000099999999981 0.00000000099999999981 0.00000000099999999981 0.00000000099999999981 0.99999999200000000421 0.00000000099999999981 0.00000000099999999981 0.00000000099999999981 0.00000000099999999981 
0.00000000099999999986 0.00000000099999999986 0.00000000099999999986 0.00000000099999999986 0.99999999200000000421 0.00000000099999999986 0.00000000099999999986 0.00000000099999999986 0.00000000099999999986 
0.00000000099999999985 0.00000000099999999985 0.00000000099999999985 0.00000000099999999985 0.99999999200000011523 0.00000000099999999985 0.00000000099999999985 0.00000000099999999985 0.00000000099999999985 
0.00000000099999999985 0.00000000099999999985 0.00000000099999999985 0.00000000099999999985 0.99999999200000011523 0.00000000099999999985 0.00000000099999999985 0.00000000099999999985 0.00000000099999999985 
0.00000000099999999979 0.00000000099999999979 0.00000000099999999979 0.00000000099999999979 0.99999999200000000421 0.00000000099999999979 0.00000000099999999979 0.00000000099999999979 0.00000000099999999979 
0.00000000099999999985 0.00000000099999999985 0.00000000099999999985 0.00000000099999999985 0.99999998948957424805 0.00000000099999999985 0.00000000099999999985 0.00000000099999999985 0.00000000351042582086 
0.00000000099999999982 0.00000000099999999982 0.00000000099999999982 0.00000000099999999982 0.99999999200000000421 0.00000000099999999982 0.00000000099999999982 0.00000000099999999982 0.00000000099999999982 
0.00000000099999999983 0.00000000099999999983 0.00000000099999999983 0.00000000099999999983 0.99999999200000000421 0.00000000099999999983 0.00000000099999999983 0.00000000099999999983 0.00000000099999999983 
0.00000000099999999985 0.00000000099999999985 0.00000000099999999985 0.00000000099999999985 0.98173443477269839441 0.00000000099999999985 0.00000000099999999985 0.00000000099999999985 0.01826555822730155723 
0.00000000099999999987 0.00000000099999999987 0.00000000099999999987 0.00000000099999999987 0.94117849137450693142 0.00000000099999999987 0.00000000099999999987 0.00000000099999999987 0.05882150162549311390 
0.00000000099999999991 0.00000000099999999991 0.00000000099999999991 0.00000000099999999991 0.00000000099999999991 0.00000000099999999991 0.00000000099999999991 0.99999999199999989319 0.00000000099999999991 
0.03961573287531956755 0.00000000099999999997 0.00000000099999999997 0.00000000099999999997 0.00000000099999999997 0.19469374596416710865 0.00000000099999999997 0.76569051516051334083 0.00000000099999999997 
0.00000000099999999991 0.00000000099999999991 0.00000000099999999991 0.00000000099999999991 0.00000000099999999991 0.00000000099999999991 0.00000000099999999991 0.99999999200000000421 0.00000000099999999991 
0.00000000099999999990 0.00000000099999999990 0.00000000099999999990 0.00000000099999999990 0.06676325395106150196 0.00000000099999999990 0.00000000099999999990 0.93323673904893844622 0.00000000099999999990 
0.00000000099999999993 0.00000000099999999993 0.00000000099999999993 0.00000002015794298561 0.02392039818547525565 0.00000000099999999993 0.00000000099999999993 0.97607957565658176602 0.00000000099999999993 
0.00000000099999999988 0.00000000099999999988 0.00000000099999999988 0.00000000099999999988 0.00000000099999999988 0.00000000099999999988 0.00000000099999999988 0.99999999200000000421 0.00000000099999999988 
0.00000000099999999989 0.00000000099999999989 0.00000000099999999989 0.00000000099999999989 0.00000000099999999989 0.00000000099999999989 0.00000000099999999989 0.99999999199999989319 0.00000000099999999989 
0.00000000099999999992 0.00000000099999999992 0.00471521440936774425 0.01911817308616074393 0.00000000099999999992 0.00000000099999999992 0.00000000099999999992 0.97616660650447140135 0.00000000099999999992 
0.00000000099999999986 0.00000000099999999986 0.00000000099999999986 0.00000000099999999986 0.00000000099999999986 0.00000000099999999986 0.00000000099999999986 0.99999999199999989319 0.00000000099999999986 
0.00000000099999999994 0.00000000099999999994 0.00000000099999999994 0.00000000099999999994 0.00000000099999999994 0.00000000099999999994 0.00000000099999999994 0.99115209223574030073 0.00884790076425976540 
0.00000000099999999993 0.00000000099999999993 0.00000000099999999993 0.00000000099999999993 0.00000000099999999993 0.00000000099999999993 0.00000000099999999993 0.99999999200000000421 0.00000000099999999993 
0.00000000099999999988 0.00000000099999999988 0.00000000099999999988 0.00000000099999999988 0.03278455855121800017 0.00000000099999999988 0.00000000099999999988 0.96721543444878210760 0.00000000099999999988 
0.00000000099999999987 0.00000000099999999987 0.00000000099999999987 0.00000000099999999987 0.04015265257612063432 0.00000000099999999987 0.00000000099999999987 0.95984734042387931385 0.00000000099999999987 
