0.00000000099999999997 0.99999999600000000211 0.00000000099999999997 0.00000000099999999997 0.00000000099999999997 
0.00000000099999999997 0.98198516188892959189 0.01801483511107058663 0.00000000099999999997 0.00000000099999999997 
0.00000000099999999992 0.99999999600000000211 0.00000000099999999992 0.00000000099999999992 0.00000000099999999992 
0.00000000099999999994 0.99999999600000011313 0.00000000099999999994 0.00000000099999999994 0.00000000099999999994 
0.00000000099999999995 0.99999999600000011313 0.00000000099999999995 0.00000000099999999995 0.00000000099999999995 
0.00000000099999999996 0.99999999600000000211 0.00000000099999999996 0.00000000099999999996 0.00000000099999999996 
0.00000000099999999993 0.99999999600000011313 0.00000000099999999993 0.00000000099999999993 0.00000000099999999993 
0.00000000099999999991 0.99999999600000011313 0.00000000099999999991 0.00000000099999999991 0.00000000099999999991 
0.00000000099999999995 0.99999999600000000211 0.00000000099999999995 0.00000000099999999995 0.00000000099999999995 
0.00000000099999999994 0.99999999600000011313 0.00000000099999999994 0.00000000099999999994 0.00000000099999999994 
0.00000000099999999998 0.00000000099999999998 0.00000000099999999998 0.01553860113758677441 0.98446139586241321329 
0.00000000099999999993 0.00000000099999999993 0.00000000099999999993 0.00000000099999999993 0.99999999600000000211 
0.00000000099999999999 0.01761068077744617696 0.00000000099999999999 0.00000000099999999999 0.98238931622255387666 
0.00000000099999999997 0.00000000099999999997 0.00000000099999999997 0.00000000099999999997 0.99999999600000000211 
0.00000000099999999998 0.00000000099999999998 0.00000000099999999998 0.00000000099999999998 0.99999999600000000211 
0.00000000099999999996 0.00000000099999999996 0.00000000099999999996 0.00000000099999999996 0.99999999600000000211 
0.00000000099999999998 0.00000000099999999998 0.00000000099999999998 0.00000000099999999998 0.99999999600000000211 
0.00000000099999999996 0.00000000099999999996 0.00000000099999999996 0.00000000099999999996 0.99999999600000000211 
0.00000000099999999997 0.00000000099999999997 0.00000000099999999997 0.00000000099999999997 0.99999999600000000211 
0.00000000099999999999 0.00169684310274457735 0.00000000099999999999 0.02317861376315834970 0.97512454113409707812 
0.00000000099999999997 0.00000000099999999997 0.00000000099999999997 0.00000000099999999997 0.99999999599999989108 
0.00000000099999999996 0.00000000099999999996 0.00000000099999999996 0.00000000099999999996 0.99999999599999989108 
0.00000000099999999994 0.00000000099999999994 0.00000000099999999994 0.00000000099999999994 0.99999999600000000211 
0.00000000099999999995 0.00000000099999999995 0.00000000099999999995 0.00000000099999999995 0.99999999599999989108 
0.00000000099999999999 0.08197631800125532164 0.01503867931015708675 0.00000000099999999999 0.90298500068858766898 
0.00000000099999999999 0.00000000099999999999 0.02216055731193420156 0.03165733225749717966 0.94618210843056860249 
0.00000000099999999997 0.00000000099999999997 0.00000000099999999997 0.00000000099999999997 0.99999999599999989108 
0.00000000099999999997 0.00000000099999999997 0.00980087247444288469 0.00000000099999999997 0.99019912452555713944 
0.03724072050126565891 0.00000000099999999997 0.00000000099999999997 0.00000000099999999997 0.96275927649873427328 
0.00000000099999999999 0.00000000099999999999 0.01952245019860326600 0.04223343237244867043 0.93824411542894803340 
0.00000000099999999998 0.00000000099999999998 0.00000000099999999998 0.06530984251827420817 0.93469015448172565463 
0.00000000099999999999 0.00771986432837223121 0.00000000099999999999 0.00000000099999999999 0.99228013267162773481 
0.00000000099999999996 0.00000000099999999996 0.00000000099999999996 0.00000000099999999996 0.99999999599999989108 
0.00000000099999999997 0.00000000099999999997 0.00000000099999999997 0.00000000099999999997 0.99999999599999989108 
0.02450435764448178483 0.00000000100000000000 0.02964973575004243786 0.01609253794997113005 0.92975336765550464779 
0.03857814356728516553 0.01433786503677215649 0.01660395638014120628 0.00000000100000000000 0.93048003401580137162 
0.00000000099999999998 0.00001038613561439646 0.00000000099999999998 0.00000000099999999998 0.99998961086438564738 
0.00000000099999999999 0.04519342639341859813 0.00000000099999999999 0.00000000099999999999 0.95480657060658125079 
0.00000000099999999999 0.00000000099999999999 0.02131521032648476394 0.00650338991962188650 0.97218139775389345036 
0.00000000099999999995 0.00000000099999999995 0.00000000099999999995 0.00000000099999999995 0.99999999600000000211 
0.00000000099999999998 0.00000000099999999998 0.00000000099999999998 0.04363106369833719134 0.95636893330166283800 
0.00000000099999999998 0.02917572317488226555 0.00000000099999999998 0.01235173529135661849 0.95847253953376121416 
0.00000000099999999996 0.00000000099999999996 0.00000000099999999996 0.00000000099999999996 0.99999999599999989108 
0.01265399185914399191 0.00000000099999999999 0.00000000099999999999 0.00000000099999999999 0.98734600514085602008 
0.00000000099999999998 0.00000000099999999998 0.00000000099999999998 0.00000000099999999998 0.99999999600000000211 
0.00000000099999999998 0.00000000099999999998 0.01833411606121077703 0.00000000099999999998 0.98166588093878914822 
0.00000000099999999998 0.00000159611999443165 0.00000000099999999998 0.00000000099999999998 0.99999840088000546690 
0.05094441679094798697 0.03222765778659891778 0.00174524888472583775 0.00130180085422373828 0.91378087568350352399 
0.99999999600000011313 0.00000000099999999992 0.00000000099999999992 0.00000000099999999992 0.00000000099999999992 
0.99999999600000011313 0.00000000099999999991 0.00000000099999999991 0.00000000099999999991 0.00000000099999999991 
0.99999999600000011313 0.00000000099999999992 0.00000000099999999992 0.00000000099999999992 0.00000000099999999992 
0.99999999600000000211 0.00000000099999999994 0.00000000099999999994 0.00000000099999999994 0.00000000099999999994 
0.99999999600000011313 0.00000000099999999993 0.00000000099999999993 0.00000000099999999993 0.00000000099999999993 
0.99999999600000011313 0.00000000099999999991 0.00000000099999999991 0.00000000099999999991 0.00000000099999999991 
0.99999999600000011313 0.00000000099999999990 0.00000000099999999990 0.00000000099999999990 0.00000000099999999990 
0.99999999600000011313 0.00000000099999999994 0.00000000099999999994 0.00000000099999999994 0.00000000099999999994 
0.99999999600000011313 0.00000000099999999991 0.00000000099999999991 0.00000000099999999991 0.00000000099999999991 
0.97695004593280121430 0.00000000099999999995 0.00000000099999999995 0.02304995106719875259 0.00000000099999999995 
0.99999999600000011313 0.00000000099999999998 0.00000000099999999998 0.00000000099999999998 0.00000000099999999998 
0.99999999600000011313 0.00000000099999999995 0.00000000099999999995 0.00000000099999999995 0.00000000099999999995 
0.99999999600000011313 0.00000000099999999997 0.00000000099999999997 0.00000000099999999997 0.00000000099999999997 
0.00000000099999999999 0.03304404073864867369 0.00000000099999999999 0.01198065670981470453 0.95497530055153656559 
0.04638205567007033098 0.00000000099999999998 0.00000000099999999998 0.00000000099999999998 0.95361794132992971917 
0.02909280790374889694 0.00000000099999999999 0.03566477727658590863 0.00000000099999999999 0.93524241281966524753 
0.02136711467842757409 0.00000000099999999999 0.00000000099999999999 0.00792199123728486339 0.97071089208428751327 
0.14179253768017063830 0.00000000099999999998 0.00000000099999999998 0.06393160549366322387 0.79427585482616613888 
0.00000000099999999999 0.00000000099999999999 0.00484275298758794510 0.00000000099999999999 0.99515724401241212327 
0.01318254367853663803 0.02852731015055644942 0.01590678840837068952 0.01222956071514793089 0.93015379704738820887 
0.00000000099999999997 0.00000000099999999997 0.00000000099999999997 0.00000000099999999997 0.99999999599999989108 
0.00000000099999999998 0.00000000099999999998 0.00000000099999999998 0.01042713102671673046 0.98957286597328319999 
0.00000000099999999999 0.16206089780282714741 0.01717128134309588161 0.00000000099999999999 0.82076781885407701367 
0.00000000099999999996 0.00000000099999999996 0.00000000099999999996 0.00000000099999999996 0.99999999599999989108 
0.94892820045129244733 0.00000000099999999999 0.01000599940259073832 0.04106579814611694551 0.00000000099999999999 
0.97927623335191038567 0.02072376364808957427 0.00000000099999999997 0.00000000099999999997 0.00000000099999999997 
0.97807328247964331336 0.00000000099999999996 0.02192671452035675414 0.00000000099999999996 0.00000000099999999996 
0.92535102499075505555 0.06618124870543549976 0.00000000099999999997 0.00846772430380949084 0.00000000099999999997 
0.99148349199170782153 0.00000000099999999998 0.00851650500829223382 0.00000000099999999998 0.00000000099999999998 
0.97514255771625990565 0.02485132775402611877 0.00000000099999999998 0.00000611252971400393 0.00000000099999999998 
0.92970847820814617180 0.05005377939958299827 0.00000000099999999998 0.02023774039227067487 0.00000000099999999998 
0.81895534167422801008 0.15416933193084650378 0.00000000099999999998 0.02687532439492548719 0.00000000099999999998 
0.99295511917119760881 0.00000000246230078173 0.00000000099999999997 0.00704487636650144924 0.00000000099999999997 
0.97392373397286047254 0.02607626302713967129 0.00000000099999999997 0.00000000099999999997 0.00000000099999999997 
0.94516695680222484466 0.05160696204698497769 0.00322607915079027585 0.00000000099999999999 0.00000000099999999999 
0.87688997717052752368 0.10792991533341039778 0.00000000099999999998 0.01518010549606213164 0.00000000099999999998 
0.88920401446382746347 0.11079598253617249648 0.00000000099999999997 0.00000000099999999997 0.00000000099999999997 
0.98379763191143554391 0.01620236508856450972 0.00000000099999999997 0.00000000099999999997 0.00000000099999999997 
0.94741073748543858102 0.05258925951456153852 0.00000000099999999997 0.00000000099999999997 0.00000000099999999997 
0.97300963617042079967 0.02699036082957920191 0.00000000099999999998 0.00000000099999999998 0.00000000099999999998 
0.94484512263591036163 0.00863165330666064955 0.00000000099999999998 0.04652322205742895345 0.00000000099999999998 
0.00000000099999999990 0.00000000099999999990 0.00000000099999999990 0.99999999600000000211 0.00000000099999999990 
0.00000000099999999992 0.00000000099999999992 0.00000000099999999992 0.99999999600000000211 0.00000000099999999992 
0.03253319121092837496 0.03911866948693246832 0.00968626183485654831 0.91866187646728258986 0.00000000100000000000 
0.00000000099999999987 0.00000000099999999987 0.00000000099999999987 0.99999999599999989108 0.00000000099999999987 
0.00000000099999999995 0.00000000099999999995 0.00000000099999999995 0.99999999599999989108 0.00000000099999999995 
0.00453500331193847171 0.00000000099999999997 0.00000000099999999997 0.99546499368806140584 0.00000000099999999997 
0.00000000099999999992 0.00000000099999999992 0.00000000099999999992 0.99999999599999989108 0.00000000099999999992 
0.00000000142784169725 0.00000000099999999995 0.00000000099999999995 0.99579458817436827811 0.00420540839779004211 
0.00000000099999999995 0.00000000099999999995 0.00000000099999999995 0.97648735286504373398 0.02351264413495611147 
0.00000000099999999991 0.00000000099999999991 0.00000000099999999991 0.99999999599999989108 0.00000000099999999991 
0.00000000099999999993 0.00000000099999999993 0.00000000099999999993 0.99999999600000000211 0.00000000099999999993 
0.00000000099999999994 0.00000000099999999994 0.00000000099999999994 0.99999999600000000211 0.00000000099999999994 
0.00000000099999999997 0.05818204919869423425 0.00000000099999999997 0.94181794780130567712 0.00000000099999999997 
0.00000000099999999996 0.00000000099999999996 0.00000000099999999996 0.99999999600000000211 0.00000000099999999996 
0.04751171153222553262 0.00000000099999999997 0.00000000099999999997 0.95248828546777430937 0.00000000099999999997 
0.00000000099999999992 0.00000000099999999992 0.00000000099999999992 0.99999999599999989108 0.00000000099999999992 
0.00004162533621854406 0.00000000099999999996 0.00000000099999999996 0.98548722277047351437 0.01447114989330793196 
0.00000000099999999992 0.00000000099999999992 0.00000000099999999992 0.99999999600000000211 0.00000000099999999992 
0.00000000099999999992 0.00000000099999999992 0.00000000099999999992 0.99999999600000000211 0.00000000099999999992 
0.00000000099999999992 0.00000000099999999992 0.00000000099999999992 0.99999999599999989108 0.00000000099999999992 
0.00000000099999999996 0.00000000099999999996 0.00000000099999999996 0.99999999599999989108 0.00000000099999999996 
0.00000000099999999996 0.00000000099999999996 0.00000000099999999996 0.99999999600000000211 0.00000000099999999996 
0.00000000099999999992 0.00000000099999999992 0.00000000099999999992 0.99999999600000000211 0.00000000099999999992 
0.00000000099999999991 0.00000000099999999991 0.00000000099999999991 0.99999999599999989108 0.00000000099999999991 
0.00000000099999999989 0.00000000099999999989 0.00000000099999999989 0.99999999599999989108 0.00000000099999999989 
0.00000000099999999996 0.00000000099999999996 0.00000000099999999996 0.96433232170257099369 0.03566767529742905646 
0.00000000099999999990 0.00000000099999999990 0.00000000099999999990 0.99999999600000000211 0.00000000099999999990 
0.00000000099999999997 0.00000000099999999997 0.00000000099999999997 0.99902812599612489386 0.00097187100387505589 
0.00000000099999999989 0.00000000099999999989 0.00000000099999999989 0.99999999599999989108 0.00000000099999999989 
0.00000000099999999994 0.00000000099999999994 0.00000000099999999994 0.99999999600000000211 0.00000000099999999994 
0.00000000099999999999 0.83170746464135292264 0.00000000099999999999 0.02506752727301250760 0.14322500608563470959 
0.10354657941620354356 0.67451017508396859945 0.01246227567572602037 0.08128707827132028441 0.12819389155278151926 
0.07583490205303636267 0.65118998791289928185 0.00000000099999999998 0.10166562748085643253 0.17130948155320788184 
0.11603506770993804453 0.76082876799919718636 0.00000000100000000000 0.03970794072228470140 0.08342822256858013763 
0.08026776515901880293 0.69874193487210611853 0.00000000099999999998 0.04491164270728452423 0.17607865626159066585 
0.06986273109456610231 0.71354140294369383657 0.00000000100000000000 0.06849001050214180430 0.14810585445959820183 
0.10015980276707467378 0.69554499193440921800 0.00000000099999999998 0.01933646406845392768 0.18495874023006220188 
0.03323161059849578242 0.70717646462526895235 0.00000000099999999999 0.09178247646301664064 0.16780944731321875696 
0.11428446652622988033 0.61433682338291994984 0.00000000099999999999 0.05716494206047258858 0.21421376703037756095 
0.06341413029063848461 0.68505508236637757680 0.00000000100000000000 0.08359894942025855591 0.16793183692272536933 
0.02862312738337585011 0.79416940030241900406 0.00000000099999999999 0.04649418638970915368 0.13071328492449599268 
0.13509349798370001716 0.63803149419903015804 0.00000000099999999999 0.00328497439394078838 0.22359003242332900485 
0.00000000099999999992 0.00000000099999999992 0.99999999599999989108 0.00000000099999999992 0.00000000099999999992 
0.00000000099999999983 0.00000000099999999983 0.99999999599999989108 0.00000000099999999983 0.00000000099999999983 
0.00000000099999999983 0.00000000099999999983 0.99999999599999989108 0.00000000099999999983 0.00000000099999999983 
0.00000000099999999986 0.00000000099999999986 0.99999999599999989108 0.00000000099999999986 0.00000000099999999986 
0.00000000099999999985 0.00000000099999999985 0.99999999600000000211 0.00000000099999999985 0.00000000099999999985 
0.00000000099999999991 0.00000000099999999991 0.99999999600000000211 0.00000000099999999991 0.00000000099999999991 
0.00000000099999999988 0.00000000099999999988 0.99999999599999989108 0.00000000099999999988 0.00000000099999999988 
0.00000000099999999978 0.00000000099999999978 0.99999999600000000211 0.00000000099999999978 0.00000000099999999978 
0.00000000099999999986 0.00000000099999999986 0.99999999600000000211 0.00000000099999999986 0.00000000099999999986 
0.00000000099999999989 0.00000000099999999989 0.99999999600000000211 0.00000000099999999989 0.00000000099999999989 
0.00000000099999999995 0.00000000099999999995 0.99999999600000000211 0.00000000099999999995 0.00000000099999999995 
0.00000000099999999982 0.00000000099999999982 0.99999999599999989108 0.00000000099999999982 0.00000000099999999982 
0.00000000099999999994 0.99999999600000000211 0.00000000099999999994 0.00000000099999999994 0.00000000099999999994 
0.00000000099999999994 0.99999999600000011313 0.00000000099999999994 0.00000000099999999994 0.00000000099999999994 
0.00000000099999999996 0.97581637000310850194 0.02418362699689168699 0.00000000099999999996 0.00000000099999999996 
0.04232019293067660476 0.95766810098989940681 0.00001170407942395941 0.00000000099999999997 0.00000000099999999997 
0.00000000099999999995 0.99999999600000011313 0.00000000099999999995 0.00000000099999999995 0.00000000099999999995 
0.06227712654691577171 0.92104828275602090848 0.01667458869706337291 0.00000000099999999999 0.00000000099999999999 
0.00000000099999999997 0.96726751626090268221 0.03273248073909722916 0.00000000099999999997 0.00000000099999999997 
0.01630610235659818788 0.90243753816704608273 0.08125635747635566453 0.00000000099999999999 0.00000000099999999999 
0.03007878468157283713 0.95399458998354569328 0.01592662333488146717 0.00000000099999999997 0.00000000099999999997 
0.00000000099999999997 0.99999999600000000211 0.00000000099999999997 0.00000000099999999997 0.00000000099999999997 
0.00617083527055799306 0.94540239353933230859 0.04842676919010974190 0.00000000099999999998 0.00000000099999999998 
0.00000000099999999996 0.93515800022075967757 0.06484199677924036564 0.00000000099999999996 0.00000000099999999996 
0.00000000099999999996 0.98169078099924877989 0.01830921600075116271 0.00000000099999999996 0.00000000099999999996 
0.00000000099999999994 0.13438140750700020010 0.00000000099999999994 0.86561858949299985699 0.00000000099999999994 
0.00000000099999999994 0.23901894876204507479 0.00000000099999999994 0.76098104823795476026 0.00000000099999999994 
0.00000000099999999993 0.08776603736164773073 0.00000000099999999993 0.91223395963835229860 0.00000000099999999993 
0.00000000099999999994 0.08268045211626325053 0.00000000099999999994 0.91731954488373668166 0.00000000099999999994 
0.00000000099999999992 0.21192314147311352990 0.00000000099999999992 0.78807685552688644393 0.00000000099999999992 
0.00000000099999999993 0.16066490123260557255 0.00000000099999999993 0.83933509576739429026 0.00000000099999999993 
0.00000000099999999997 0.08733801942842246702 0.00000000099999999997 0.91266197757157740966 0.00000000099999999997 
0.00000000099999999996 0.18012650355963238935 0.00000000099999999996 0.81987349344036752896 0.00000000099999999996 
0.00000000099999999993 0.15342572760804243370 0.00000000099999999993 0.84657426939195756788 0.00000000099999999993 
0.00000000099999999994 0.21107632830311146011 0.00000000099999999994 0.78892366869688845821 0.00000000099999999994 
0.00000000099999999994 0.13857449323184051204 0.00000000099999999994 0.86142550376815929525 0.00000000099999999994 
0.00000000099999999993 0.14699549459794142292 0.00000000099999999993 0.85300450240205849539 0.00000000099999999993 
0.00000000099999999997 0.15009151395178083055 0.00115373388658870099 0.84875475016163048902 0.00000000099999999997 
0.00000000099999999991 0.11051369386384410354 0.00000000099999999991 0.88948630313615584253 0.00000000099999999991 
0.00000000099999999996 0.13253215351537245281 0.00000000099999999996 0.86746784348462746550 0.00000000099999999996 
0.00000000099999999994 0.17040058699799340292 0.00000000099999999994 0.82959941000200654315 0.00000000099999999994 
0.00000000099999999994 0.16638802517902506750 0.00000000099999999994 0.83361197182097479530 0.00000000099999999994 
0.00000000099999999993 0.16327843209812825664 0.00000000099999999993 0.83672156490187166167 0.00000000099999999993 
0.00000000099999999994 0.13568759604410704500 0.00000000099999999994 0.86431240095589290107 0.00000000099999999994 
0.01398376298280996216 0.91968229933547462895 0.00000006557304817159 0.00000000100000000000 0.06633387110866723058 
0.00000000100000000000 0.66432478804470618261 0.00000000100000000000 0.01343835545136902627 0.32223685450392475227 
0.08285562880109131889 0.88370805317666689671 0.00000119516380957467 0.03094196391590626344 0.00249315894252588209 
0.01676181024939603012 0.89155555152797882901 0.00000000099999999999 0.09168263622262497192 0.00000000099999999999 
0.06109224869788690282 0.76896552947123464339 0.06688023947054275165 0.02171056061949733565 0.08135142174083828670 
0.01583319404575166470 0.80133757488904233668 0.00000000099999999998 0.05608194279563485235 0.12674728726957124048 
0.06182516385708289319 0.81882151182970186465 0.00527034338306819981 0.01241562096231204303 0.10166735996783481111 
0.00000000100000000000 0.82319061421544736934 0.06586940899227221313 0.04270338368970298670 0.06823659210257751462 
0.00000000099999999999 0.85937000966150378645 0.00000000099999999999 0.00218655646692834243 0.13844343187156799013 
0.05074277570209344279 0.73577246776598637101 0.02722866843028821926 0.08987515371499234240 0.09638093438663959678 
0.00000000099999999999 0.82803678803752522875 0.02609635743193534224 0.00000000099999999999 0.14586685253053940925 
0.00000000100000000000 0.86894426622790377213 0.03417458155449230178 0.06793413833097898535 0.02894701288662497943 
0.00000000100000000000 0.82336953108296828674 0.02712063591336177915 0.12321406829265912908 0.02629576371101068413 
