0.9353061760663717	0.0030031700098256966	-0.018808362244960235	0.002969799228787239	-0.02154670525270532	-0.008927389933815803	0.018717143090706323	0.06479277823909484	0.05508944165675773	-0.0013992627937821033	0.029517863695698282	0.011569976339566792	-0.03010038883306482	0.05065882569209747	-0.005258370738709104	0.02654017430081379	0.019604690038699926	0.039577634567932424	-0.026845594969920537	-0.03739296086111912	0.0052561265723917484	-0.042933566225754505	-0.06939881910947385	-0.04711592095780403	-0.04040857706032538	-0.02901731661397191	-0.05908928375730638	-0.07533472688997285	-0.08486551684113944	-0.04897745539669616	-0.04942679316117679	-0.04159273825878118	-0.03304411328319745	-0.023874573369425875	-0.03429831734750115	-0.01537694183289733	-0.025958430419144453	-0.09426734371598203	-0.02477307391038301	-0.031833538033553044	-0.008660690740381775	-0.027067782960634446	-0.03646076791768473	-0.004495627090030039	-0.02280759514534299	-0.04068918087658752	-0.014816179419928518	-0.04949453019068445	-0.03442907590169792
0.0030031700098256966	1.0101810761582122	0.034008316872647805	0.02249679959562357	-0.0144079934749304	-0.04194181898484516	-0.001120405002015836	0.05393310440120101	-0.028979340643534912	0.004595493469852098	-0.03027786220009567	0.011483752037423084	0.016805499827239133	-0.002522986833308791	-0.03819128152748194	-0.006416285112065147	-0.006503423652937899	-0.021650568491367338	-0.0026309453728098914	-0.05018467421458265	-0.02977468278107366	-0.03217597462368655	-0.009455597815560678	-0.06414274985816136	0.010016740064655263	-0.01749612862535026	-0.029080360851406535	-0.06608570553105833	0.0005907232406334585	-0.030511779877811254	-0.019499779581517305	-0.04401841013191071	-0.036415881620745987	-0.05084045307260055	-0.06925807768752805	-0.04687380531872033	-0.005939437598272605	-0.05356885551482452	-0.026105234866344283	-0.012379767159970833	-0.009809382162005387	-0.059516232978948966	0.006599298269973007	-0.0534270464069569	-0.039757369821516966	-0.05455087411669529	-0.0644701496396107	-0.012013097830489912	0.01258663202050928
-0.018808362244960235	0.034008316872647805	1.025640777377055	0.11311209586377073	-0.007799936043705793	0.04466798328076384	-0.06406076782574856	0.038922935060125355	0.05422941553556224	-0.03273622711978398	0.008391636927731105	-0.029137620965357294	0.02655925022361881	-0.024927475436427933	-0.011651745197807964	-0.07845741416959877	-0.0023940285255928647	0.06674658298735175	-0.06235727403563021	0.006620402133951296	-0.050965339283429154	-0.007388741382246843	-0.051972111814157486	-0.040748629623109836	-0.01622999572282179	-0.03275589557818318	-0.04325461958097367	-0.039485386675753534	-0.03586395275938656	-0.003048959325095311	0.014248613160063291	-0.021298328277315356	-0.09459200611053781	0.0038167918447582585	-0.05336751468687258	-0.03156576108827888	0.0006202858288127341	-0.043116036373425135	-0.050697298289825596	-0.06794476982761923	-0.015475237254750623	-0.06245069442351141	-0.05531408474895828	-0.022813349465530305	-0.0699020417575378	-0.06389433111530682	-0.04810420400580019	-0.039957941459194374	-0.04074338258644368
0.002969799228787239	0.02249679959562357	0.11311209586377073	0.9896643345140627	0.023724179123096427	0.004009320009654845	-0.027423091461405657	0.027934264610457532	-0.01944867075308562	0.022847766301061643	-0.023335012950731086	0.006610551181042879	0.05843018636823719	0.008496535787405642	0.0245906611896968	0.01529024278279694	-0.019542173401598997	0.013350363510223588	-0.07575242652109988	-0.08022488359694009	-0.03917824010675504	-0.06716685503892662	-0.016712148092599334	-0.04516426390855605	-0.036484336787734724	0.014950447257276372	-0.04082805909424505	-0.04283689442549213	-0.03890797422788378	-0.04503346723116902	-0.04387007783932663	-0.05214176622410293	-0.025704214417024734	-0.05415256548757485	-0.06932107240848207	-0.012641166959342502	-0.04852535642955485	-0.034528123945432615	-0.013924558778269796	-0.03867050217136393	-0.04294856226494345	-0.030722723030793223	-0.07719025234442153	-0.03539335264114271	-0.02010599307906239	-0.0648148985996158	-0.028454108331177175	-0.026004936109875927	-0.007594613605342351
-0.02154670525270532	-0.0144079934749304	-0.007799936043705793	0.023724179123096427	0.9945615801987926	-0.0009290354005967279	-0.015863032491414276	0.03362865889692179	0.01637884414307767	0.10681949528947936	0.037597109228238355	-0.003989285650465114	-0.00023254921845979458	-0.0015677244892731846	-0.03191417597482637	-0.04136867574283636	0.015475261215874536	-0.038478974104137996	-0.02878409454964198	-0.0177717068013934	-0.05944767349076361	-0.03026800997215881	-0.005540423247860988	-0.07003088457680545	-0.05209195532913829	0.005060690846775115	-0.034046465871617054	0.003001484043212214	-0.02574897511589931	-0.021471835264826253	-0.035770097435247	-0.017066705274273536	-0.03156408704603961	0.0034486798675399284	-0.0052590480725218	-0.04532360596105528	-0.037529610770696636	-0.017057840615541373	-0.08397917044606926	-0.04657174044171419	-0.03787821691391422	-0.06706430707085333	-0.057508867837469994	-0.06539276763016469	-0.023533846068040057	-0.07104193683029969	-0.07837265842503481	-0.022888005194202286	0.0337543993119999
-0.008927389933815803	-0.04194181898484516	0.04466798328076384	0.004009320009654845	-0.0009290354005967279	1.0185206372485682	0.09428305049132736	0.005347030747696911	-0.02409063192462438	-0.007284407925539569	-0.011205462901145047	0.028539504609494386	0.013255489240955423	0.025683277372606284	-0.04256032873773184	-0.00957837515745245	0.02270082986314723	0.0010837158497877218	-0.044616783397883227	-0.04349555833866829	-0.07112827096793602	-0.055422716337314874	-0.044666707833466254	-0.0597442949109468	-0.07146432895900312	-0.02365998038877497	-0.010808510676929818	-0.06663745497256487	-0.047406625344583425	-0.005034532375687416	-0.03224879753930082	-0.02304348923094215	-0.05236808604616046	-0.062381251217053325	-0.029080244156265273	-0.005243621560802867	-0.04184178279626017	-0.02951473325678983	-0.007176525770970362	-0.022202371305522908	-0.036735790350238495	-0.03432910204104865	-0.020156888923050186	0.012548856136272737	-0.05115026726827693	-0.032337467262560406	-0.0373094858776253	-0.02426106092933548	-0.038143564892247676
0.018717143090706323	-0.001120405002015836	-0.06406076782574856	-0.027423091461405657	-0.015863032491414276	0.09428305049132736	1.0790458404447516	0.012172774207936027	-0.03796438281458096	-0.029565833763178454	-0.04769929756332629	0.001282281286078132	-0.017400979681583568	0.047613601534016496	0.04051995217987173	-0.00685089277251427	-0.011375985782512933	0.0028221799393185793	-0.04358706736723555	-0.05629128821958986	0.005013221901476972	-0.0656771095883165	-0.03888739482572395	-0.02435959196249846	-0.055452646238711295	-0.07882139956643004	-0.017017109886214958	-0.04408637580700053	-0.08571037153450847	-0.06422954197475815	-0.057158387156311254	-0.04567215715266885	-0.01877395356498735	-0.03960308422526989	-0.03190514314868527	-0.009463852521388608	-0.05237020144296286	-0.016044975360401063	0.0020312896961410553	-0.025253925882007037	-0.06755562462332147	0.03573400940423033	-0.05970634865134867	-0.010954094810056146	0.010726619478477193	-0.00012046562409547882	-0.017173799186122895	0.004100961860327176	-0.06298689265005863
0.06479277823909484	0.05393310440120101	0.038922935060125355	0.027934264610457532	0.03362865889692179	0.005347030747696911	0.012172774207936027	0.9809107514416282	0.03603913692186885	0.012157009198476156	-0.004406647335215404	0.0041621997011072115	0.024968626855716658	-0.03280899454284946	-0.019188212946040197	-0.04135625606926575	-0.019718269149902913	0.01553125792122883	-0.04312600678503692	-0.04618346990964379	0.0030699437889603466	-0.02519455862959131	-0.005217624916558399	-0.0710046331924229	-0.015177948304191308	-0.0451713100524365	-0.10275798949899774	-0.05149784437528591	-0.08250865522404668	-0.07780286761109687	-0.032207589304001416	-0.015198411978503811	-0.06377296325821603	-0.05715081377530749	-0.03762784382052274	-0.018352140367932035	-0.039681642057097996	-0.024844304352562924	-0.02230702589023775	-0.04935299006193987	-0.022204658272663814	-0.0031725387152606384	-0.04080165384720377	-0.03317408370090755	-0.02236491082027179	-0.05154095798257666	-0.0041176671586331025	-0.027681033626752744	-0.05966201338158982
0.05508944165675773	-0.028979340643534912	0.05422941553556224	-0.01944867075308562	0.01637884414307767	-0.02409063192462438	-0.03796438281458096	0.03603913692186885	0.9321365677964099	0.002347898709149135	0.03816797099630743	0.019696393204213423	-0.018789663111803984	0.003966510842555423	-0.01485701931827545	-0.004643839795045721	0.033377673096394084	0.025727299235986906	-0.0024365858994412994	-0.02578661131251856	-0.03417900037008941	-0.04968827137953017	-0.05319021392629991	-0.0029593920809410546	-0.0508559829450077	-0.014700752655593188	-0.03680667868841693	-0.06239609257192571	-0.054090948320716176	-0.0237127180551562	-0.007492687496937316	-0.03025139451149312	-0.03840848441683644	-0.022919900389781166	-0.02079677868611021	-0.0617107291686427	-0.036325615355291316	-0.04221023431105712	-0.031416678136709106	-0.0705856608997885	-0.0346163898402068	-0.02609007344582647	-0.03117494980444146	-0.05960748909734837	-0.0372825051088548	-0.022274980970773097	-0.03176731660744688	-0.012261818718137122	-0.036474837093939595
-0.0013992627937821033	0.004595493469852098	-0.03273622711978398	0.022847766301061643	0.10681949528947936	-0.007284407925539569	-0.029565833763178454	0.012157009198476156	0.002347898709149135	1.0333686808253402	-0.008278572658608211	0.016717868270343796	-0.04828023906661107	-0.011121460860919532	0.011657820675889831	0.03913932205446596	0.001548360568741886	-0.012331680325172244	0.004008027321990946	-0.011202690920464876	-0.018528910007327547	-0.0540822688429022	0.03369154619885897	-0.027411661702818023	-0.035602034300862076	-0.017393507242324403	-0.0621272899016525	-0.023716824318374283	-0.0501870669059729	-0.05830755042352114	-0.0452884670785143	-0.021242321781503613	-0.028617991718754728	0.0017848709671404723	-0.01801763670824927	-0.056670865442679894	-0.051780879799811615	0.03527086808008083	-0.07086047689013558	-0.029706808070101835	-0.04673661015020426	-0.04557895638193557	-0.04668038927636353	-0.0769041307234403	-0.04333360667758841	-0.07822902123965497	-0.05694561717841457	-0.05539140273451719	-0.036778878717009134
0.029517863695698282	-0.03027786220009567	0.008391636927731105	-0.023335012950731086	0.037597109228238355	-0.011205462901145047	-0.04769929756332629	-0.004406647335215404	0.03816797099630743	-0.008278572658608211	0.9205731397360799	-0.01817558035265243	-0.033217970689554	-0.008169107055460678	-0.0341244276129924	-0.045034068972700285	0.04010778186664157	-0.002522697984188809	-0.030243179460250062	-0.013015286246417	-0.04240887532262423	-0.08372527745098993	-0.07377484652546354	-0.009040781470457239	0.019665292123976198	-0.0011822385252089219	-0.0013194647977335604	-0.048501901839976366	0.007115959358852753	-0.042865265152782904	-0.006561852476766203	-0.014437845805433006	-0.011451187214871499	-0.0028816220730425663	0.013162670003236343	-0.01879823954549652	-0.04930567209297856	-0.02598311660613899	-0.05924379397157357	-0.043168396280824514	-0.044820456557317034	-0.017427007827499452	-0.00580320823224071	-0.03795261426177034	-0.03920742832284721	-0.027920648513356582	-0.04283449074433625	-0.03282710506932968	-0.016420639705308267
0.011569976339566792	0.011483752037423084	-0.029137620965357294	0.006610551181042879	-0.003989285650465114	0.028539504609494386	0.001282281286078132	0.0041621997011072115	0.019696393204213423	0.016717868270343796	-0.01817558035265243	1.0233474546992818	-0.0014924447399263833	-0.020294406030394067	0.024679277888305762	0.05918839292439495	0.020260278814432833	0.01900830886742829	-0.005948051978951488	-0.002451008118846707	-0.03647238506764546	-0.0487952433415096	-0.008512150422189295	-0.028964247163999698	-0.06469972700056587	-0.008222413628635943	-0.030048943000355557	-0.015389117390736095	-0.05861136724236647	-0.017477928461880007	-0.04903460397041526	-0.0444063418231969	-0.1011872206934653	-0.01858201103474115	-0.062431958007112556	-0.016511429966771827	-0.06009127890611747	-0.024498760471055033	-0.05495538059197853	-0.02276021334466927	-0.07513179391516377	-0.046756356299551154	-0.0569575102298145	-0.04793623400088162	-0.030682023458761826	-0.021960707910968425	-0.02168626619906581	-0.057369745877351955	-0.032421985441519495
-0.03010038883306482	0.016805499827239133	0.02655925022361881	0.05843018636823719	-0.00023254921845979458	0.013255489240955423	-0.017400979681583568	0.024968626855716658	-0.018789663111803984	-0.04828023906661107	-0.033217970689554	-0.0014924447399263833	1.0615172982234191	-0.014340567566987617	-0.035574803099003946	0.01695228816240663	0.029167718854981577	0.04139262785341725	-0.022878771915324742	-0.024602102710996002	-0.0011897671032818082	0.0037231244416311357	0.0017905746491445776	0.0031258999381418217	-0.01682355421356845	-0.06075007171142066	-0.04149500675734152	-0.08383499238924663	-0.027319515364844067	-0.022287231375250755	-0.05410396703170401	-0.048165604794529825	-0.04076393901152676	-0.03744503534432885	-0.013134299566446413	-0.0002928295129491229	-0.06494553031801863	-0.039576239929329515	-0.056517345259812654	-0.020134141061101445	-0.047979835950590924	-0.057186537376300535	-0.08055079802258885	-0.051744369211859195	-0.060672877274719594	-0.026346925509224635	-0.07990697847169193	0.0005304098329933217	-0.012250477352856969
0.05065882569209747	-0.002522986833308791	-0.024927475436427933	0.008496535787405642	-0.0015677244892731846	0.025683277372606284	0.047613601534016496	-0.03280899454284946	0.003966510842555423	-0.011121460860919532	-0.008169107055460678	-0.020294406030394067	-0.014340567566987617	1.0266223091248363	-0.03203783796939018	0.0683113369545785	0.029327818631449367	-0.012062123977997018	-0.05627926337164815	-0.06509978662854476	-0.05362578314321067	-0.057680884300832666	-0.019422841861774	-0.0057921833049433095	-0.05260392616081409	-0.02790014940435224	0.00722534073806451	-0.08167503543889526	-0.09100397510736564	-0.007035790376445687	-0.03671997060847002	-0.03927860950049303	-0.014804764309945704	-0.015995926358799588	-0.08920045267588579	-0.058742228655743814	-0.009751327429648068	-0.046976607553993466	-0.02510375743039013	-0.03614433596714482	-0.02043540205460376	0.013300114986677805	-0.07067277414813411	-0.022374273611875974	-0.0035834788711182107	-0.01932671618146796	-0.016629818807002632	-0.04764935052073518	-0.022005319195698612
-0.005258370738709104	-0.03819128152748194	-0.011651745197807964	0.0245906611896968	-0.03191417597482637	-0.04256032873773184	0.04051995217987173	-0.019188212946040197	-0.01485701931827545	0.011657820675889831	-0.0341244276129924	0.024679277888305762	-0.035574803099003946	-0.03203783796939018	0.9995682230403796	0.014410467216022814	-0.02089438656720334	-0.0387501096175045	-0.038059157382923356	-0.06198349907610111	-0.004919323642307345	-0.00684571654213671	-0.05326493084563802	-0.04553039468736277	-0.08511223760575941	-0.042557952338097	-0.05162951680080726	-0.004111027599930377	-0.01886281866263987	-0.001696169142610918	-0.03629163367289001	0.013324964315995457	-0.029335742472085806	-0.010169607837025895	-0.011567343258994974	-0.06936380621575451	-0.008489402492866956	0.014904913615416772	-0.047768757746607084	-0.020123510151368873	-0.05249778773651251	-0.017754667487183157	-0.027194214389520695	-0.03270080623357523	-0.0037698641003817567	0.014562634408515369	-0.011023643235220966	-0.0270756455917432	-0.012452345025812928
0.02654017430081379	-0.006416285112065147	-0.07845741416959877	0.01529024278279694	-0.04136867574283636	-0.00957837515745245	-0.00685089277251427	-0.04135625606926575	-0.004643839795045721	0.03913932205446596	-0.045034068972700285	0.05918839292439495	0.01695228816240663	0.0683113369545785	0.014410467216022814	1.0104177232379314	0.011421735717915134	0.008199574905415615	-0.031117648500493627	-0.010813122011359665	-0.046063100876749495	-0.053892087593801964	-0.047661750712903454	-0.036580278055864605	-0.03318715496735552	-0.020915876805625472	0.020013761074766653	-0.07492760225151263	-0.039739563742727545	-0.05454608075653888	-0.031033064081420432	-0.054717822736675706	-0.056613834622561546	-0.05810481651540868	-0.04853685508134257	-0.016865439500137375	-0.014151565013082042	-0.03161110995239889	-0.041792022712762576	-0.020095425046255954	-0.045546517348713775	-0.002426965148204444	-0.07919218304321231	-0.03181090853398747	-0.034473253057350946	0.044911509900006426	-0.017818117015030468	0.005898086274426081	-0.06381585307313711
0.019604690038699926	-0.006503423652937899	-0.0023940285255928647	-0.019542173401598997	0.015475261215874536	0.02270082986314723	-0.011375985782512933	-0.019718269149902913	0.033377673096394084	0.001548360568741886	0.04010778186664157	0.020260278814432833	0.029167718854981577	0.029327818631449367	-0.02089438656720334	0.011421735717915134	1.0180141941750736	-0.0003719239520913644	-0.035487396009516364	-0.04323462258234905	-0.07277731398956878	-0.05125824048603084	-0.03168437467406603	-0.04508497994044786	-0.0773422848437854	-0.035995462976638117	-0.04299082264650809	-0.07717399304824821	-0.07804852672025803	-0.027390047334923465	-0.025874583569510834	-0.07161092642324354	-0.01739431397368169	-0.046883673044102576	-0.02969068932453162	-0.016870548071010936	-0.022285018933446258	-0.015274400081431902	-0.06740156833685566	-0.03345840329507495	-0.04901782470800124	-0.057310496831605426	0.010133562441646055	-0.05763987229033677	0.014204130032699658	-0.016596602367618327	0.0021932478507888007	-0.01927943857861798	-0.014599684036000824
0.039577634567932424	-0.021650568491367338	0.06674658298735175	0.013350363510223588	-0.038478974104137996	0.0010837158497877218	0.0028221799393185793	0.01553125792122883	0.025727299235986906	-0.012331680325172244	-0.002522697984188809	0.01900830886742829	0.04139262785341725	-0.012062123977997018	-0.0387501096175045	0.008199574905415615	-0.0003719239520913644	0.9079928412492884	-0.015524843784690809	-0.027284667265676393	-0.007643200690378027	-0.03648473140604259	-0.04136471362677403	-0.026960054343476057	-0.054711928097663315	0.012264372399353615	-0.05623302656221722	-0.0444447603150075	-0.02394566870537291	-0.027520530629645948	-0.013594559625121395	-0.011540016252563935	-0.04626607321480502	-0.055379589195364634	-0.07233381443860472	0.02690939467377906	-0.0496178710301577	-0.029102572513796162	-0.01362503776687176	0.0011473920302631656	-0.022919305560886134	-0.01799676548085461	-0.04189088361356404	-0.05653884589216232	-0.058144646650947936	-0.06326281089026124	-0.028959190151909488	-0.0436955098557097	-0.06405640748537214
-0.026845594969920537	-0.0026309453728098914	-0.06235727403563021	-0.07575242652109988	-0.02878409454964198	-0.044616783397883227	-0.04358706736723555	-0.04312600678503692	-0.0024365858994412994	0.004008027321990946	-0.030243179460250062	-0.005948051978951488	-0.022878771915324742	-0.05627926337164815	-0.038059157382923356	-0.031117648500493627	-0.035487396009516364	-0.015524843784690809	0.9665075701417918	0.004777930798731582	0.00931061672946335	-0.01128446709736611	-0.0074106840040785655	-0.005137938822909783	0.02475947334392365	-0.029220974233923534	-0.0038783449189021654	0.005038968362770191	-0.010704455523126495	-0.045447340781374676	0.014916114385588566	0.035085599925714694	-0.013130052359196226	-0.024862133398387273	0.02072360973327957	0.023809849784442432	-0.05097370278145424	0.020256160405036666	-0.0505958005014823	-0.05155425197446831	-0.04965278579781522	-0.03028317369463535	0.003985268907410006	-0.01804497520783085	-0.008860515793141975	-0.05282120361914948	-0.031133946821678065	-0.049913799777130764	-0.017860812546580916
-0.03739296086111912	-0.05018467421458265	0.006620402133951296	-0.08022488359694009	-0.0177717068013934	-0.04349555833866829	-0.05629128821958986	-0.04618346990964379	-0.02578661131251856	-0.011202690920464876	-0.013015286246417	-0.002451008118846707	-0.024602102710996002	-0.06509978662854476	-0.06198349907610111	-0.010813122011359665	-0.04323462258234905	-0.027284667265676393	0.004777930798731582	0.9822233065976784	0.05600239992575638	-0.015551820305312207	0.035317202003394485	-0.030284280376576173	-0.0258631741198109	-0.05477148056243157	-0.04407802550106985	-0.015025678700089556	0.024699580874455222	0.014429924799192929	-0.027888573638269944	-0.018996518689773676	-0.03221216373210769	0.009275805215281067	0.020088035003141696	-0.014592164320676556	0.02286979366966223	-0.0043379268899493605	-0.010871230477896444	-0.012837926253780406	0.017800790437143735	0.007492317334005572	-0.0201504815034352	-0.008958072639877246	-0.06267524598914716	-0.024045254577639563	-0.04079583440341939	-0.040971974625155845	-0.07093283033661296
0.0052561265723917484	-0.02977468278107366	-0.050965339283429154	-0.03917824010675504	-0.05944767349076361	-0.07112827096793602	0.005013221901476972	0.0030699437889603466	-0.03417900037008941	-0.018528910007327547	-0.04240887532262423	-0.03647238506764546	-0.0011897671032818082	-0.05362578314321067	-0.004919323642307345	-0.046063100876749495	-0.07277731398956878	-0.007643200690378027	0.00931061672946335	0.05600239992575638	1.043192012193767	0.016392914721988124	-0.01292270152714259	-0.0010899929560814698	0.027222918285758783	-0.01489709478675673	-0.04430956668216875	-0.03646701165216557	-0.036122154003615445	-0.014601822772977323	-0.034125921928636484	-0.04396460946027846	-0.03199602436207414	0.0282378260335625	-0.004636481609072024	-0.005041701691963034	0.00535476595004957	-0.029535785350454834	-0.0293011316877883	-0.02865783857209236	0.013659159961358355	0.013064474099773545	-0.014721936420382494	-0.04746013882307807	-0.054548222140609406	-0.029548490946806512	-0.027507494731853866	-0.03813442834111888	-0.06061536784333588
-0.042933566225754505	-0.03217597462368655	-0.007388741382246843	-0.06716685503892662	-0.03026800997215881	-0.055422716337314874	-0.0656771095883165	-0.02519455862959131	-0.04968827137953017	-0.0540822688429022	-0.08372527745098993	-0.0487952433415096	0.0037231244416311357	-0.057680884300832666	-0.00684571654213671	-0.053892087593801964	-0.05125824048603084	-0.03648473140604259	-0.01128446709736611	-0.015551820305312207	0.016392914721988124	1.0471111888340325	0.06382985489776898	-0.01937225574798048	-0.014282188543543425	-0.006258463703057381	-0.033197331134603575	-0.03961622722776127	0.011013316889288262	0.19171200537469876	-0.06704179677395616	0.05336219239100488	0.03734230667503398	-0.032771700605434884	0.03659300447137776	-0.024367412363264493	-0.04464150505054251	-0.0022444883260629173	-0.053961493225354935	0.005175861595359008	0.003274392254838625	-0.05470932467387837	-0.034828714559697674	-0.07917904325722126	-0.028559594749596132	-0.015697967738787996	-0.02618898691863089	-0.010060544886558689	-0.07810120662322363
-0.06939881910947385	-0.009455597815560678	-0.051972111814157486	-0.016712148092599334	-0.005540423247860988	-0.044666707833466254	-0.03888739482572395	-0.005217624916558399	-0.05319021392629991	0.03369154619885897	-0.07377484652546354	-0.008512150422189295	0.0017905746491445776	-0.019422841861774	-0.05326493084563802	-0.047661750712903454	-0.03168437467406603	-0.04136471362677403	-0.0074106840040785655	0.035317202003394485	-0.01292270152714259	0.06382985489776898	0.9884349121223834	-0.005067952182409007	-0.003806462961816139	-0.026814030666242158	-0.025713935710444884	-0.025366165672087073	0.01336657861143384	-0.01897909812352448	-0.0190813993668359	-0.05955027823496304	0.0001334894612633684	-0.0181915614659863	-0.00646813106797895	0.025047087202963284	0.005363544682281871	-0.027613203914927734	-0.05286671560821879	-0.0012895378247911875	-0.02258974645109145	-0.034322698894848735	-0.0895370011106768	-0.01652933734308203	-0.03898533489179863	-0.00924967421764921	0.00816032550730645	-0.025424260271306516	-0.052902737995059894
-0.04711592095780403	-0.06414274985816136	-0.040748629623109836	-0.04516426390855605	-0.07003088457680545	-0.0597442949109468	-0.02435959196249846	-0.0710046331924229	-0.0029593920809410546	-0.027411661702818023	-0.009040781470457239	-0.028964247163999698	0.0031258999381418217	-0.0057921833049433095	-0.04553039468736277	-0.036580278055864605	-0.04508497994044786	-0.026960054343476057	-0.005137938822909783	-0.030284280376576173	-0.0010899929560814698	-0.01937225574798048	-0.005067952182409007	0.9732960112787579	-0.02944557828932044	-0.026921696447740274	0.05174002557870551	-0.021588556350233868	0.0024311575382115714	0.023195838370545663	-0.021802854683482902	-0.020769942911462953	0.030348865291572526	-0.006637358140903416	0.038489809601758976	-0.0005848001205034984	-0.011760992852396844	0.01219983014129494	-0.018522896768751705	-0.029906223800951398	-0.10891370765085787	-0.030646967686390744	0.003449653009510526	0.011782964150146255	-0.021416158329861386	-0.0442325233912887	-0.0021612225315902544	-0.02950820606013356	0.0026051075915937026
-0.04040857706032538	0.010016740064655263	-0.01622999572282179	-0.036484336787734724	-0.05209195532913829	-0.07146432895900312	-0.055452646238711295	-0.015177948304191308	-0.0508559829450077	-0.035602034300862076	0.019665292123976198	-0.06469972700056587	-0.01682355421356845	-0.05260392616081409	-0.08511223760575941	-0.03318715496735552	-0.0773422848437854	-0.054711928097663315	0.02475947334392365	-0.0258631741198109	0.027222918285758783	-0.014282188543543425	-0.003806462961816139	-0.02944557828932044	0.9291361161906352	0.03015571129754819	0.015081447840347035	0.026146150200429055	0.0417918726606927	0.019116650237238575	0.013695238469588124	-0.0217946809682004	-0.01686343309152161	0.011126141173013278	-0.04625561740276879	0.011020333208108406	0.0029089619876289715	-0.038699079020479595	0.025319085104658155	-0.031446073078803864	-0.024177746381540795	-0.04101327468822302	-0.011941142056884273	-0.015414554711464006	-0.03061119579771972	-0.026923933394190018	-0.02422094846862216	-0.02413620543391894	-0.013124535416366734
-0.02901731661397191	-0.01749612862535026	-0.03275589557818318	0.014950447257276372	0.005060690846775115	-0.02365998038877497	-0.07882139956643004	-0.0451713100524365	-0.014700752655593188	-0.017393507242324403	-0.0011822385252089219	-0.008222413628635943	-0.06075007171142066	-0.02790014940435224	-0.042557952338097	-0.020915876805625472	-0.035995462976638117	0.012264372399353615	-0.029220974233923534	-0.05477148056243157	-0.01489709478675673	-0.006258463703057381	-0.026814030666242158	-0.026921696447740274	0.03015571129754819	0.9553350481647699	-0.027628176578522887	0.04462349326811715	-0.04211995812360816	-0.03024595129794212	-0.004983290279330453	-0.014105067376368812	-0.011989769087167734	0.006043549801281263	-0.03830075447298087	-2.8790337920999153e-05	-0.013750550762021469	-0.027476920968287546	-0.007793416549268564	-0.015005921299555471	-0.010618453720670008	-0.05939596720207544	-0.018123478380466993	-0.040682950338793246	-0.004878509759402058	-0.028986449192950244	-0.062404616469244056	-0.011669426932430973	0.0307004075010817
-0.05908928375730638	-0.029080360851406535	-0.04325461958097367	-0.04082805909424505	-0.034046465871617054	-0.010808510676929818	-0.017017109886214958	-0.10275798949899774	-0.03680667868841693	-0.0621272899016525	-0.0013194647977335604	-0.030048943000355557	-0.04149500675734152	0.00722534073806451	-0.05162951680080726	0.020013761074766653	-0.04299082264650809	-0.05623302656221722	-0.0038783449189021654	-0.04407802550106985	-0.04430956668216875	-0.033197331134603575	-0.025713935710444884	0.05174002557870551	0.015081447840347035	-0.027628176578522887	1.094148360589413	0.0009742729681671659	0.04299467116896521	-0.03497639500543024	-0.013314263209532223	-0.06464414940814737	0.037733144198629005	-0.052109361671788014	0.015723226933219658	-0.004963912804170408	0.06393358560734784	-0.03172935166515773	-0.047043312638517576	-0.01570236673618431	-0.01576251993393862	-0.026366989496201396	-0.010896413528362226	-0.0006598579837287763	-0.028620146531465676	-0.024282639280707376	-0.04341953163870208	-0.02077589244803002	-0.06329785290259313
-0.07533472688997285	-0.06608570553105833	-0.039485386675753534	-0.04283689442549213	0.003001484043212214	-0.06663745497256487	-0.04408637580700053	-0.05149784437528591	-0.06239609257192571	-0.023716824318374283	-0.048501901839976366	-0.015389117390736095	-0.08383499238924663	-0.08167503543889526	-0.004111027599930377	-0.07492760225151263	-0.07717399304824821	-0.0444447603150075	0.005038968362770191	-0.015025678700089556	-0.03646701165216557	-0.03961622722776127	-0.025366165672087073	-0.021588556350233868	0.026146150200429055	0.04462349326811715	0.0009742729681671659	1.0324968735823872	0.023302209239525154	-0.032101478247836185	0.003231384332261356	0.020966513745727285	-0.02377589799614102	0.057669749518459955	-0.01439241554807005	0.020422568893205924	4.7137716657214705e-05	-0.014940970354141268	0.007053902577843733	-0.01146719373757619	-0.04646924823640969	-0.020776063626642003	0.032547727648140824	0.017782267838208427	-0.003760655519713608	-0.010500332933639967	0.0051906433954862575	-0.009000784047457386	-0.06805312806210013
-0.08486551684113944	0.0005907232406334585	-0.03586395275938656	-0.03890797422788378	-0.02574897511589931	-0.047406625344583425	-0.08571037153450847	-0.08250865522404668	-0.054090948320716176	-0.0501870669059729	0.007115959358852753	-0.05861136724236647	-0.027319515364844067	-0.09100397510736564	-0.01886281866263987	-0.039739563742727545	-0.07804852672025803	-0.02394566870537291	-0.010704455523126495	0.024699580874455222	-0.036122154003615445	0.011013316889288262	0.01336657861143384	0.0024311575382115714	0.0417918726606927	-0.04211995812360816	0.04299467116896521	0.023302209239525154	1.0221882900679338	0.011022098015225789	0.03479108496617598	-0.01217259081520229	0.04528274727303012	-0.02746188706801028	0.0017132743053700995	0.009087728253289814	0.012937319416827754	-0.02325752195499395	-0.030196351665639644	-0.009346437886852835	0.0070757246702775065	-0.030299143332381446	0.0023267388124270844	-0.03152233747413104	-0.11441324647976661	-0.05689262864000113	-0.0020101858075679668	-0.057638627341942375	0.013224326738646588
-0.04897745539669616	-0.030511779877811254	-0.003048959325095311	-0.04503346723116902	-0.021471835264826253	-0.005034532375687416	-0.06422954197475815	-0.07780286761109687	-0.0237127180551562	-0.05830755042352114	-0.042865265152782904	-0.017477928461880007	-0.022287231375250755	-0.007035790376445687	-0.001696169142610918	-0.05454608075653888	-0.027390047334923465	-0.027520530629645948	-0.045447340781374676	0.014429924799192929	-0.014601822772977323	0.19171200537469876	-0.01897909812352448	0.023195838370545663	0.019116650237238575	-0.03024595129794212	-0.03497639500543024	-0.032101478247836185	0.011022098015225789	0.9461337076399373	-0.03377687035149843	-0.0023177318859322516	0.011689418730483115	0.0042158075852392115	0.006788300618462222	-0.04299768744540331	0.021908826151722998	-0.011610523705923156	-0.04788845605772519	-0.018203339162155302	-0.01765400304665885	-0.0654518454394445	-0.03401411367486474	-0.04151096848744957	-0.026028930282047138	-0.05191065360014079	0.00018147215372457754	-0.046313353682919015	-0.04709259396849109
-0.04942679316117679	-0.019499779581517305	0.014248613160063291	-0.04387007783932663	-0.035770097435247	-0.03224879753930082	-0.057158387156311254	-0.032207589304001416	-0.007492687496937316	-0.0452884670785143	-0.006561852476766203	-0.04903460397041526	-0.05410396703170401	-0.03671997060847002	-0.03629163367289001	-0.031033064081420432	-0.025874583569510834	-0.013594559625121395	0.014916114385588566	-0.027888573638269944	-0.034125921928636484	-0.06704179677395616	-0.0190813993668359	-0.021802854683482902	0.013695238469588124	-0.004983290279330453	-0.013314263209532223	0.003231384332261356	0.03479108496617598	-0.03377687035149843	0.9140220069086072	0.021438094197734073	0.0017625761156996552	-0.006541839951243265	0.018340712039522592	0.015538228100078056	-0.020453808605212676	0.002664604443789175	-0.020617779633293795	-0.015368681200261669	-0.02819645057875162	0.0003751115267881581	-0.0013875636219791347	-0.034648262698024256	-0.030745716076885424	-0.027406565411587546	-0.029788576101270208	-0.04387547086014539	0.004225390678743005
-0.04159273825878118	-0.04401841013191071	-0.021298328277315356	-0.05214176622410293	-0.017066705274273536	-0.02304348923094215	-0.04567215715266885	-0.015198411978503811	-0.03025139451149312	-0.021242321781503613	-0.014437845805433006	-0.0444063418231969	-0.048165604794529825	-0.03927860950049303	0.013324964315995457	-0.054717822736675706	-0.07161092642324354	-0.011540016252563935	0.035085599925714694	-0.018996518689773676	-0.04396460946027846	0.05336219239100488	-0.05955027823496304	-0.020769942911462953	-0.0217946809682004	-0.014105067376368812	-0.06464414940814737	0.020966513745727285	-0.01217259081520229	-0.0023177318859322516	0.021438094197734073	1.0068512079532377	0.02508545044174705	-0.02412043122687044	0.04827387909321954	0.02890285257867955	-0.030116606163147455	0.006540683497451732	-0.025590195642917316	-0.0695656134615291	-0.02265604870604682	-0.03509440293590017	0.014259786674100433	-0.05080849016099956	-0.01605417556612551	-0.016302313094552563	-0.0830622545328263	-0.02027981601492239	-0.023249331356795633
-0.03304411328319745	-0.036415881620745987	-0.09459200611053781	-0.025704214417024734	-0.03156408704603961	-0.05236808604616046	-0.01877395356498735	-0.06377296325821603	-0.03840848441683644	-0.028617991718754728	-0.011451187214871499	-0.1011872206934653	-0.04076393901152676	-0.014804764309945704	-0.029335742472085806	-0.056613834622561546	-0.01739431397368169	-0.04626607321480502	-0.013130052359196226	-0.03221216373210769	-0.03199602436207414	0.03734230667503398	0.0001334894612633684	0.030348865291572526	-0.01686343309152161	-0.011989769087167734	0.037733144198629005	-0.02377589799614102	0.04528274727303012	0.011689418730483115	0.0017625761156996552	0.02508545044174705	1.0107789467049073	-0.04335079214573432	0.03404143818022173	-0.020972828141745177	-0.0023238080932693147	-0.020882470865350534	-0.01390211838491537	-0.007398082181137125	-0.0672030362612529	-0.05825517263114422	0.04117185646705944	-0.03914112982505561	-0.023331819881912196	-0.01834849651455909	-0.014104463394542247	-0.02501433184307315	-0.04520457787971054
-0.023874573369425875	-0.05084045307260055	0.0038167918447582585	-0.05415256548757485	0.0034486798675399284	-0.062381251217053325	-0.03960308422526989	-0.05715081377530749	-0.022919900389781166	0.0017848709671404723	-0.0028816220730425663	-0.01858201103474115	-0.03744503534432885	-0.015995926358799588	-0.010169607837025895	-0.05810481651540868	-0.046883673044102576	-0.055379589195364634	-0.024862133398387273	0.009275805215281067	0.0282378260335625	-0.032771700605434884	-0.0181915614659863	-0.006637358140903416	0.011126141173013278	0.006043549801281263	-0.052109361671788014	0.057669749518459955	-0.02746188706801028	0.0042158075852392115	-0.006541839951243265	-0.02412043122687044	-0.04335079214573432	0.9085575608344777	-0.03236869245958624	-0.0035754135384786934	0.07263857965580246	0.025588835679939106	-0.029618784653053298	-0.060010919115209144	-0.010294493239200632	-0.00882465474325974	-0.0296123317264947	0.008756167404389446	0.011690098029704703	-0.0667439877595815	-0.030663169321437787	-0.04924310869864788	-0.02713403982332706
-0.03429831734750115	-0.06925807768752805	-0.05336751468687258	-0.06932107240848207	-0.0052590480725218	-0.029080244156265273	-0.03190514314868527	-0.03762784382052274	-0.02079677868611021	-0.01801763670824927	0.013162670003236343	-0.062431958007112556	-0.013134299566446413	-0.08920045267588579	-0.011567343258994974	-0.04853685508134257	-0.02969068932453162	-0.07233381443860472	0.02072360973327957	0.020088035003141696	-0.004636481609072024	0.03659300447137776	-0.00646813106797895	0.038489809601758976	-0.04625561740276879	-0.03830075447298087	0.015723226933219658	-0.01439241554807005	0.0017132743053700995	0.006788300618462222	0.018340712039522592	0.04827387909321954	0.03404143818022173	-0.03236869245958624	0.8864504921640949	-0.002185392243599851	-0.02685135542627046	-0.047258561030643596	-0.0364209020843193	0.019325139482797148	-0.04192510473441199	-0.05041668785244085	-0.04596455279924157	-0.014105073487385086	-0.007413734818917247	-0.0034174486699174366	-0.02221380378204833	-0.004028942841289345	-0.01358308082959445
-0.01537694183289733	-0.04687380531872033	-0.03156576108827888	-0.012641166959342502	-0.04532360596105528	-0.005243621560802867	-0.009463852521388608	-0.018352140367932035	-0.0617107291686427	-0.056670865442679894	-0.01879823954549652	-0.016511429966771827	-0.0002928295129491229	-0.058742228655743814	-0.06936380621575451	-0.016865439500137375	-0.016870548071010936	0.02690939467377906	0.023809849784442432	-0.014592164320676556	-0.005041701691963034	-0.024367412363264493	0.025047087202963284	-0.0005848001205034984	0.011020333208108406	-2.8790337920999153e-05	-0.004963912804170408	0.020422568893205924	0.009087728253289814	-0.04299768744540331	0.015538228100078056	0.02890285257867955	-0.020972828141745177	-0.0035754135384786934	-0.002185392243599851	0.9070356001152887	-0.05621404783619054	-0.025518250800094358	-0.03398051967964243	-0.026816979822597186	-0.052517947040941454	-0.037050865614115455	-0.06665062366772267	-0.01273988167029781	-0.04059374612241451	-0.021304558291595447	-0.009985188686261815	0.014976246375082523	-0.0711320764614846
-0.025958430419144453	-0.005939437598272605	0.0006202858288127341	-0.04852535642955485	-0.037529610770696636	-0.04184178279626017	-0.05237020144296286	-0.039681642057097996	-0.036325615355291316	-0.051780879799811615	-0.04930567209297856	-0.06009127890611747	-0.06494553031801863	-0.009751327429648068	-0.008489402492866956	-0.014151565013082042	-0.022285018933446258	-0.0496178710301577	-0.05097370278145424	0.02286979366966223	0.00535476595004957	-0.04464150505054251	0.005363544682281871	-0.011760992852396844	0.0029089619876289715	-0.013750550762021469	0.06393358560734784	4.7137716657214705e-05	0.012937319416827754	0.021908826151722998	-0.020453808605212676	-0.030116606163147455	-0.0023238080932693147	0.07263857965580246	-0.02685135542627046	-0.05621404783619054	0.9835450513452857	0.056698176886647064	-0.03531568953689304	0.0008310820490170693	-0.05675480854141926	-0.047446552835731334	-0.027048098318896843	-0.034238993865422056	-0.038618424160628065	-0.046370440502584424	-0.054979518935966316	-0.038124886135942594	0.013757018769906449
-0.09426734371598203	-0.05356885551482452	-0.043116036373425135	-0.034528123945432615	-0.017057840615541373	-0.02951473325678983	-0.016044975360401063	-0.024844304352562924	-0.04221023431105712	0.03527086808008083	-0.02598311660613899	-0.024498760471055033	-0.039576239929329515	-0.046976607553993466	0.014904913615416772	-0.03161110995239889	-0.015274400081431902	-0.029102572513796162	0.020256160405036666	-0.0043379268899493605	-0.029535785350454834	-0.0022444883260629173	-0.027613203914927734	0.01219983014129494	-0.038699079020479595	-0.027476920968287546	-0.03172935166515773	-0.014940970354141268	-0.02325752195499395	-0.011610523705923156	0.002664604443789175	0.006540683497451732	-0.020882470865350534	0.025588835679939106	-0.047258561030643596	-0.025518250800094358	0.056698176886647064	0.9525370349891624	-0.03791707415775295	-0.03531631162735997	0.011414893256430952	-0.038674203080263266	0.008123314096335217	-0.01906896721034357	-0.03243308113208565	-0.04513051124037997	-0.026694512010370507	0.002593943700719986	-0.02735752985632943
