0.9658010450455475	0.1821401277997745	0.1924022157184289	0.1932448093908001	0.1680683778010671	0.21651753633464663	0.17837969364604153	0.13558185284664406	0.19869123864676647	0.17085494967071838	0.19946978979448643	0.182573689422178	0.1623959480684402	0.2072644374571535	0.1841629297896236	0.20209882300069973	0.20649301614097879	0.19502456667898962	0.18269728791391598	0.0517459208327782	0.059064290933499394	0.12880313206354446	0.09333773430416245	0.03651437367676061	0.04262070134740504	0.1095263218812879	0.06915228170529959	0.050431015039142164	0.09086189602932261	0.03646360027989729	0.0897519378964198	0.11741164959910039	0.09266374797716814	0.053728032907907945	0.08499840680554353	0.04705320677429593	0.06702576561230954	0.028793589449360245	0.06028908483391122	0.08380012672294972	0.0514056235173911	0.0542649288153913	0.09691454068166924	0.06213678308526226	0.047325721093444933	0.060795268633727674	0.04494380280538203	0.06746551033393747	0.0790215963353535	-0.01060338828998971	0.0036795153878733814	-0.034507398712997475	-0.009054735128656441	-0.011717127429232765	0.011880641749226999	0.021221886705398683	0.002764853806221048	0.0036502931858390965	-0.02906770280730716	-0.0207619896626457	-0.03640154592429502	-0.03765539980400458	-0.02728688828685259	-0.02148408776916153	-0.05345163964312528	-0.007225841727328867	-0.02198222134193998	-0.07290421981614434	-0.029061928792816927	-0.045049169683628994	-0.0364008856787195	-0.04401158424137911	-0.07434899896413492	-0.181234294314002	-0.12592807199244305	-0.0889011050130593	-0.09431223630047088	-0.1582922753241151	-0.1110009494048972	-0.12352943706592494	-0.0983574305990244	-0.07876387355882745	-0.15126525042345848	-0.1478640580732493	-0.10204081579031096	-0.09617874331296951	-0.12233981008074399	-0.11417488227335684	-0.10774893886504021	-0.13727722384568078	-0.12726847351920414	-0.16585253284824733	-0.11726642366282718	-0.10988649171708235	-0.10253687383765347	-0.09137574831484307	-0.08620698353327222	-0.14095646527844713	-0.1450252809064995	-0.1310145993180555	-0.08127292598035225	-0.10443285155411484	-0.09448152781565972	-0.12937975082931072	-0.11882203676136541	-0.11764517913649218	-0.11284814626248299	-0.1433601281811493	-0.13781537389105475	-0.12263464278261238	-0.12207930706919892	-0.14476067125275516	-0.1559320814615344	-0.16601852449071966	-0.11025192954658988	-0.11885325848338325	-0.13826980315169118	-0.058633825318722105	-0.08871231999548608	-0.16657635389859757	-0.10944584225491953
0.1821401277997745	0.9439379661621438	0.23846917425554645	0.19362860485541555	0.19191053132350328	0.18791491153620932	0.1452099441539986	0.19220038658206143	0.21471230939722089	0.2019045532837901	0.1682733279601114	0.17780554521907843	0.20403103338071363	0.20715520339048824	0.17398968836521372	0.16749352590772495	0.1951041034385539	0.2333343720578421	0.23983195356391118	0.005808384122224847	0.04439547664668377	0.15010653006151295	0.029188879490671865	0.012117184681656585	-0.014982044217811106	0.0588895486906861	0.02799378116124327	0.010412043893967889	0.005813217123526403	0.02001268665669503	0.048564482983316414	0.12286537225557914	0.07840910126088745	0.055945585888722525	0.0016474147151475096	0.015374913205662115	0.044619080149810676	0.017664620379151057	0.010544500693246674	0.05570646526460484	0.0350159194940381	0.039308530569576554	0.04862068743508952	0.05465392388547542	0.02734645635419099	0.014462685907818677	0.010671058903167994	0.04676638421928724	-0.010214124357273284	0.015007714929465874	0.05732520652686798	-0.005389675975923379	-0.018167537370843756	0.01630757499408155	0.025968509520739466	0.04193251261556518	0.005832170631109465	0.0001078296963514686	0.03226716582469025	-0.00939553334200302	-0.024181128823985428	-0.019966529666043332	0.006142646624564864	-0.01836668876398091	-0.027426079397568137	0.013518579151770056	0.011290772811338374	0.033428701361002636	-0.010178403861301453	0.013269485810961589	0.019006083309583782	-0.024870959294535123	-0.09295479202616093	-0.15059201697902325	-0.1360756505678845	-0.11080394342420069	-0.061437723778548704	-0.09264564425265882	-0.09412737068717056	-0.1211200877229311	-0.11259107893603229	-0.12089223001464222	-0.1437386782539506	-0.12708459015905024	-0.0889270165701966	-0.10226763519676031	-0.08530710270200055	-0.14827730276542997	-0.11509114260854496	-0.1314777133435096	-0.103518521846292	-0.11309593292527197	-0.08980602590037383	-0.08321481382161704	-0.1307416345774591	-0.14369287996350846	-0.14847953858613894	-0.09424348232883956	-0.1082772839416675	-0.08064387798144716	-0.10657234875216785	-0.0829983175187589	-0.10645908861602063	-0.11981095961100122	-0.1552848379369843	-0.09668769176241777	-0.09302485858854248	-0.1233495206828623	-0.09482553624662327	-0.15289832970627265	-0.10380473158499265	-0.14173121963253787	-0.1350119845545815	-0.13326517293437187	-0.11614298640465315	-0.15259076551070933	-0.0982132217413233	-0.11305716333215525	-0.12027446463526488	-0.13831278549032272	-0.14402562925857246
0.1924022157184289	0.23846917425554645	1.0481160646970507	0.221207394525502	0.18733221326428606	0.23151863980812717	0.1777288944695571	0.17843315718828073	0.17697618438819845	0.2434249476326969	0.19154945692048372	0.1904925909019976	0.17621336241225408	0.1853198177270885	0.2129829588585135	0.18800038197227759	0.20090298046741978	0.17169289316488046	0.17286075650760824	0.029593629343345567	0.07598796098004541	0.0652125768796481	0.08655155157839976	0.08487753932386823	0.07357913844047931	0.0790757008515026	0.04834100302697604	0.05289710974589644	0.05349425262418108	0.02629479674062622	0.07472209499192713	0.0799536468499295	0.07105501704918323	0.06766510035372182	0.048102720258239376	0.05102112789133116	0.06204709497770362	0.018708488820123253	0.026457461814105677	0.07100393497307073	0.02279062132596354	0.05550706790407387	0.06977152836774331	0.057220455015346776	0.047580068190422715	0.07874249061358335	0.029099789723576863	0.0652522205445668	0.04922127233788494	0.02513679928530701	-0.004707681872473258	-0.01873562301462565	-0.025699793380992007	0.02285783529917616	-0.03263683940575163	-0.0019184182771314114	-0.008662056292168646	-0.0007790233783870301	0.004148254536056559	0.00018152996741834987	-0.0408933263365303	-0.03617191246947235	-0.02737998811002191	-0.038627730244789306	-0.056479350582923436	0.00861006797289434	-0.0361530300507154	-0.023431136325489516	-0.0317495603480594	-0.037117712737680345	-0.017110363502712854	-0.05456984933923913	-0.06120743524307509	-0.15876811170454191	-0.10597681973223705	-0.12871804220892116	-0.0861029466083997	-0.07488679102878466	-0.09167318857838239	-0.1209959286409295	-0.06942631780796477	-0.0955672547421782	-0.14268400937793893	-0.11894745525644654	-0.09909573261263423	-0.07571980766660252	-0.1460405204789657	-0.12260140355547161	-0.1235177325756494	-0.1525226535021899	-0.12161845465468524	-0.1455479821403686	-0.11080082971611925	-0.09893148089654429	-0.15304916272757207	-0.13581266778188503	-0.08915957099636491	-0.11058614451213288	-0.10926468574926819	-0.14233822244535435	-0.14711660495650106	-0.106758396084471	-0.09381602686475606	-0.15032364402588708	-0.10811412234217288	-0.1139434947664094	-0.08615067217501134	-0.13839842118616835	-0.14321094402053552	-0.10370712651590458	-0.12948704770735545	-0.14051431668082662	-0.15248871177519124	-0.16539831522763615	-0.09237378408215874	-0.17551405575507512	-0.09643551087049893	-0.11307150867606669	-0.10725862877609905	-0.19602631692562622	-0.127883847829392
0.1932448093908001	0.19362860485541555	0.221207394525502	0.9865395207454054	0.1407079084007111	0.20098435691708955	0.16740062063354055	0.18291321960521964	0.1914848733745975	0.18054189266908144	0.21073719836802235	0.1840570912648873	0.2103340934254459	0.22274591676121105	0.2108790356657372	0.18997240611988914	0.16169353066380088	0.2036006436509881	0.178173773040386	0.05335491768715403	0.058126811577614595	0.03859186943405672	0.09484472801925398	0.06397524916892518	0.018715977865717257	0.039347566637487875	0.05195766440463616	0.05239319186832421	0.05473002643828871	0.044791631121380425	0.09883434278582183	0.11083416528591988	0.0831361703514971	0.12026327124585873	0.025848313753697675	0.07735214273858305	0.05061221632818708	0.0488693743658939	0.03675302388932789	0.08233841919386281	0.06437378555181261	0.09425122434211264	0.054123322917230716	0.09881005737951941	0.0662331148602439	0.08301292355354735	0.08777984889245255	0.13120771298312078	0.08032402971860367	-0.011731428830345093	-0.00881566449012196	0.007245758033401228	0.01711142513866701	0.0035893893590415497	-0.026533285677467086	-0.014715248346564984	-0.02507310076552315	-0.007331538853421692	0.029035970244417654	-0.04830377901130386	-0.07222824607773275	-0.04888437891310437	-0.0491298562473517	-0.04865798037187448	-0.045989155611674944	-0.02984292586181631	-0.044114097736808286	-0.06067230082358313	-0.010723856536813235	-0.06590463372516675	-0.025266798227551367	-0.03735877971879997	-0.09502002333916679	-0.13108701337593462	-0.13663276238867075	-0.1284890258102021	-0.11618736348884143	-0.14199021281723287	-0.0723757580570172	-0.1268726971201349	-0.1249721088959107	-0.10213725318093136	-0.1304970264816509	-0.09723023192617998	-0.09524759396230152	-0.12365159665041459	-0.07801431459684309	-0.14594556599545488	-0.15211071015566893	-0.09700265147865773	-0.10602358536648125	-0.13433812247703586	-0.09658309167103389	-0.14352901389120498	-0.12420809024514422	-0.1006463819381161	-0.1012602641218343	-0.1408544189964838	-0.10185037524518013	-0.14758660218402334	-0.13064200148263436	-0.08427613386717717	-0.06151908416267548	-0.08163128110504628	-0.13152553106922596	-0.073571690243212	-0.09969190098572987	-0.1277174196827152	-0.1583031487925202	-0.12421897898921022	-0.060764692172030677	-0.15004265661120383	-0.13442833918927585	-0.15519682098899015	-0.13302084226408264	-0.1747486482650706	-0.1283811313823494	-0.12990739943518256	-0.15312592613845744	-0.1624819601224439	-0.12485794657388233
0.1680683778010671	0.19191053132350328	0.18733221326428606	0.1407079084007111	1.0699375051233104	0.18587240580569758	0.1770596304082754	0.1622771641378065	0.18603260620932593	0.2030783981796581	0.23475600909248615	0.19545281762031105	0.18106577752466563	0.1981158244594251	0.23350986283866054	0.23292547479520004	0.180509910590134	0.2194412644871772	0.1815959829955302	0.00865151589974876	0.04201674692032441	0.11691821633480905	0.02151535244109843	0.023479934254963624	0.06844175192162891	0.07660533403456232	0.025504562653994506	0.05110915182976196	0.042516840709518805	0.011693419300236853	0.0767598773414178	0.1340118319560744	0.08408557573317307	0.09868310045114984	0.04841778490020826	0.04916329293238302	0.05629706591678771	0.0471470735140313	0.029427526040705747	0.104263317732452	0.055941770736781124	0.05068356688695697	0.06751039207582875	0.010016101865562576	0.04477667828846274	0.02945324777930364	0.05036761945204969	0.06495144641308505	0.03887920612398722	0.023493430710152807	0.006888612392698948	0.03339319427094305	0.004075503657841349	0.022521131514663693	0.0064667638091481456	0.023970426644299332	0.020028298895961107	0.01422079110914102	0.05369816714180005	0.0224858450024228	-0.02084792998745364	-0.01837337857427294	0.002029788942084385	0.017660054065410855	0.026629935232178756	0.005556546081843654	0.012341336281372703	0.0013274916857213897	0.014641927234568622	-0.022182112544660307	-0.008496560096431918	-0.0008428152672476694	-0.07740107559841866	-0.16822704286041074	-0.13976348226801852	-0.12475878543083209	-0.1133190200367027	-0.13343654229664575	-0.1464952616286115	-0.1399188024508431	-0.16111565314275217	-0.08789827189093911	-0.13249833322850474	-0.12216865561503082	-0.08424044792032324	-0.11046105556327199	-0.10568176538294616	-0.13853510909676284	-0.1227483470400985	-0.1028807574651935	-0.1144509602616735	-0.1783046225229444	-0.0908498373328504	-0.126627016198111	-0.1476400038354975	-0.16293301554772543	-0.12088134205243177	-0.1349009064683833	-0.13941426962804235	-0.10035369245401624	-0.12399981018234651	-0.14906071416021008	-0.062497020067783585	-0.13697596664846273	-0.12927017070422778	-0.09646189980563649	-0.12141715339199219	-0.1582843617587844	-0.16967539830111514	-0.15150729119662093	-0.13866296032740852	-0.12258949187607264	-0.1589427506250702	-0.1257205431155834	-0.12219117379488999	-0.17838197763097824	-0.1568703996748756	-0.14775624959006084	-0.12549924048803823	-0.16520969180411815	-0.14711664640226138
0.21651753633464663	0.18791491153620932	0.23151863980812717	0.20098435691708955	0.18587240580569758	0.9612599763484208	0.1573129396707125	0.18412491852032584	0.1905114453391143	0.214377574745681	0.18308973718333088	0.1796349867524477	0.20167159659775133	0.1958066170563495	0.20142849456474665	0.166634486831625	0.22537239097264164	0.16052893733047263	0.18204340012843825	0.0032843499509557796	0.04098016587013407	0.09238320444145702	0.052060215651598185	0.011512189518646347	0.044871012486361564	0.03975333609107855	0.015335179616224085	-4.858259563012515e-05	0.0017716916796523031	-0.0114754612387829	0.09561287646913026	0.10645069057546061	0.04524701188697193	0.0668341449985585	0.06231696800044396	0.004645362911468255	0.048642765013604025	0.05997162005195323	0.04745939359568791	0.03377605684674394	0.007133046441531868	0.08638051745185486	0.04417375645728548	0.044658546792675946	0.05599853915503996	0.013955219834394853	0.026212001259850574	0.05115349004177193	0.03394416844994054	0.009384266408284148	0.008274113513900767	-0.01298795727863287	-0.007855964018673807	0.025894771591101644	0.0314311449569442	-0.0021912956548078614	0.02051433956230896	-0.00723466244181826	0.02738322540899601	-0.050050243322878794	-0.0032279391807967777	-0.002113923038907325	0.002870394977121971	-0.018550847123339882	-0.0004983522968748222	0.007582611793909678	0.007299242352203468	-0.010875764218110153	0.007248073985645593	0.014421074760449614	-0.026832533656734173	-0.03383733952473823	-0.14330641554295237	-0.13799939992156074	-0.10962186562992533	-0.11758744950697267	-0.09689890594014328	-0.10425417537626147	-0.044419441957190546	-0.09190643089331456	-0.12339452537750951	-0.08573913814651503	-0.13339929828128988	-0.0902214942475601	-0.08337980764381603	-0.10111718084989568	-0.08468790667656625	-0.10577426485166348	-0.10935006758856339	-0.12143719116113434	-0.09779744157849789	-0.12640293299809538	-0.11599310521712794	-0.14324492608768177	-0.1092185942962975	-0.13259561763710515	-0.11644146049457195	-0.12483327138835931	-0.12736146928952213	-0.11470412105423922	-0.14681297746510996	-0.11374617260774665	-0.0798501763665124	-0.10571628220251969	-0.11661738613496773	-0.12335081054437662	-0.11450808796581133	-0.09345758624142221	-0.13765962630172143	-0.1379063725694371	-0.08843354747096376	-0.10254682064488917	-0.14382798111753972	-0.12526568395244236	-0.10427656111260886	-0.14513978282020276	-0.12493047337783458	-0.09159889224638414	-0.11657043785237871	-0.14931636273241974	-0.1774994129254438
0.17837969364604153	0.1452099441539986	0.1777288944695571	0.16740062063354055	0.1770596304082754	0.1573129396707125	0.9415143705666795	0.13687137918690254	0.14796189890556946	0.21826077141997677	0.1934106928347543	0.13364030715354389	0.18047740600558837	0.1944437045726166	0.22184394449044828	0.18094007277462015	0.19824029460221512	0.16238723238718938	0.1604552398977986	0.044327177104795626	0.07409706630082183	0.07964550699798896	0.04113304692138193	0.04499782450353548	0.07593673868928573	0.062100838221263936	0.06450595996518348	0.01992765898514415	0.09051486761122556	0.07693457798243866	0.042311386950399044	0.09089148626293984	0.09930433655668965	0.1265666458729553	0.0665064934561677	0.03804241109635846	0.04830204236643267	0.06240472531803418	0.06548403059884536	0.06985099279137712	0.0576704381888504	0.034020803295176025	0.09980839472058567	0.053226171260737296	0.05231189137845897	0.09667595991722261	0.057827427909298484	0.10308591132059822	0.028714159345765208	-0.01689921159423575	0.005198225219970804	-0.040444542125118846	-0.0402007818486953	-0.053830462465269555	-0.01596611095268025	-0.022381432143372067	-0.044729702864143565	-0.0279361361019611	-0.03437397822873061	-0.047126116902540476	-0.05676293617479423	-0.08350114620529742	-0.06624024115556071	-0.04532539636457196	-0.038892506538193206	-0.008824052724325345	-0.05378298920394136	-0.060501012704145006	-0.06442447650721297	-0.0602702306186115	-0.05792060011602468	-0.03971507607892951	-0.060709098449059654	-0.12101961051319093	-0.10661621763099267	-0.042280444914533796	-0.04732270642342444	-0.11362123437660177	-0.06802112024762291	-0.12707379809700103	-0.0955894009508038	-0.08766262162459007	-0.11332183162155787	-0.1394849707953021	-0.0707802101773725	-0.0776065426765248	-0.09021533558585217	-0.11773263441275589	-0.1238542299205995	-0.13951268083300059	-0.11551083941964309	-0.14185463848732352	-0.09543900393710915	-0.08097163228377144	-0.12187555223848812	-0.11379920475651685	-0.08457125615916405	-0.12822697015353135	-0.09714726332926461	-0.1145084031834699	-0.0955692284208507	-0.0918904490046896	-0.08202309002048405	-0.10198304998175986	-0.1195895404346277	-0.10550294000434288	-0.1072218079320164	-0.10987304264352951	-0.10746898398332225	-0.10946998991321542	-0.06535528099587035	-0.09954532059194306	-0.10378837149486232	-0.12443991008746166	-0.09667258926049517	-0.13199232142507158	-0.11382385016029814	-0.09687475908727607	-0.104267459347494	-0.150916460348469	-0.12179636768987864
0.13558185284664406	0.19220038658206143	0.17843315718828073	0.18291321960521964	0.1622771641378065	0.18412491852032584	0.13687137918690254	0.9610018985951018	0.18333191513397123	0.16893339608783053	0.1762341173093403	0.17685231818989675	0.16588077166946272	0.15967973259195337	0.16194505073111304	0.16707353403347658	0.15424494355015878	0.17214239702378697	0.17138481870949956	0.02887549130592722	0.011723612889453847	0.0964158090376717	0.0621925505035616	0.00599308192842092	0.050195108758251984	0.08188468678712928	0.07725010670752132	0.026245469738986872	0.029317661680911877	0.008396273060072694	0.09222151159384541	0.08191241219672614	0.10205772973553491	0.07832571771347999	0.07975395704830995	0.03505857162236707	0.012766325835932558	0.033002894103841815	0.012421087788936665	0.1068830102242163	0.025851193099620032	0.04858441810299981	0.0805252988610062	0.04653159632103672	0.026199340422657123	0.05180437885137725	0.09362417429752053	0.054768892647172746	0.05946282569617795	0.00726269990221889	0.018590762299955474	-0.013697533076912244	-0.008436465146560093	0.006931861773661656	-0.00970079938458383	0.0044910877571867095	-0.03390903326225396	-0.012596841656262086	-0.015355026649861771	-0.005526611720435943	-0.03697296125601308	-0.03640166810146715	-0.014606124093380276	0.014861162425586438	-0.020041644709329325	0.006546091745897414	-0.013047354861822909	-0.005640773894419949	-0.026483171609730558	-0.018156564810646973	0.01917646812802869	0.0014190313729189078	-0.11218599700392189	-0.10252024224523594	-0.1235410244376276	-0.07622175454915867	-0.12005255462394329	-0.17475985950821507	-0.09482059801704346	-0.12585329889458893	-0.1327791915839945	-0.08094577282165463	-0.10653205883076729	-0.09503973714445281	-0.04336476189123927	-0.0932122399720004	-0.12028282681874838	-0.06488926969159808	-0.12570757799425808	-0.12454003867970934	-0.1375948881473948	-0.09652075767940722	-0.09460027052545765	-0.10234224685505697	-0.1173328324088132	-0.13225268682268698	-0.10189134550374877	-0.10263631286999886	-0.14393819079586784	-0.07374795897387751	-0.09459429911645116	-0.11491125399915188	-0.08315842683075078	-0.12291039748109903	-0.13873770463993437	-0.07038574520473716	-0.0872499694472914	-0.1034473254983577	-0.1303884014751697	-0.10989444598667315	-0.12526639287645447	-0.11649721299398057	-0.13593445838102486	-0.07560546957951855	-0.17634487173749408	-0.09708372922327634	-0.12068646808886824	-0.11273637756731995	-0.13140154617104138	-0.13396739151712114	-0.09332059021368372
0.19869123864676647	0.21471230939722089	0.17697618438819845	0.1914848733745975	0.18603260620932593	0.1905114453391143	0.14796189890556946	0.18333191513397123	0.9501606832939249	0.1972696913225996	0.20377379606722532	0.20260809412107383	0.2113181010515528	0.1647487220094658	0.17345214304518286	0.2118716393226385	0.2119282843771708	0.19465394631168081	0.19071609523675243	0.025913630852464745	0.02632599347912955	0.09899659167653513	0.04324928005147631	0.045421795653023345	0.01993443855467618	0.05326303855150151	0.015534823216319145	0.025604861240579552	0.05044544036732096	0.008369414113108667	0.067340902052175	0.08219488503923165	0.08353721580799306	0.06588007700372721	0.04757970514027512	0.02758352890321458	0.022910628446518283	0.02079018114418243	0.0801495247357356	0.09347378783155173	0.02920709629142943	0.053262343719387525	0.07878619975446154	0.060525116226421066	0.054554493880290364	0.05954055167294761	0.08367222524699461	0.07159850252427875	0.039877961973237064	0.04413076975866862	0.06149437512906629	0.018027634590725188	0.02124079237202542	-0.007132624752279761	0.007856769972381855	0.02947477445964609	0.017919397225451893	0.016832856206134686	0.03235099966724174	-0.015438776258515571	-0.03415364979651738	-0.061064739587598525	-0.011027583545854725	-0.025399291302700595	-0.02393306366702359	-0.031346202302931205	-0.014483436418563903	-0.01238860784098232	-0.004366052034203293	-0.0236054226302782	-0.01946999912359605	0.02077025081731404	-0.13247762741121474	-0.1452765159415013	-0.11688205389330332	-0.10536171363982008	-0.10707184452066333	-0.1704229388756536	-0.07866976162722107	-0.14322827246280276	-0.09989456226180651	-0.0568512636022046	-0.13101874752387332	-0.1491080125328815	-0.1309004142518543	-0.08751453967346728	-0.12849159614284272	-0.18210025809162023	-0.1294339558658971	-0.12423862963306984	-0.08665047338149805	-0.1107838826468925	-0.10282239756515264	-0.12110908810581555	-0.14366402455928523	-0.10071339392115194	-0.10899318584683435	-0.10774409980131106	-0.10435776261262714	-0.10308783162047405	-0.11582056925254251	-0.10632042090072136	-0.11313122387552796	-0.13149061628373754	-0.12191763173884236	-0.11683479326589356	-0.12100980586659298	-0.12547966422882595	-0.10053355535397655	-0.1272721942692242	-0.13223349661699763	-0.11089327156328983	-0.11567094047553854	-0.12145529771757194	-0.14410910203295385	-0.15330520879754275	-0.10049147671954028	-0.14117414208231022	-0.1386945010059418	-0.1548423490287498	-0.13294596061945313
0.17085494967071838	0.2019045532837901	0.2434249476326969	0.18054189266908144	0.2030783981796581	0.214377574745681	0.21826077141997677	0.16893339608783053	0.1972696913225996	0.9620818691930484	0.1939181950212189	0.22945086746418328	0.1878106498281774	0.23520926005789414	0.20449737975993498	0.18170908676606118	0.22451818283388478	0.20239228639626738	0.2011347015897704	0.03316336357467499	0.05535422380405273	0.09237472920906016	0.04554544544721539	-0.004217552357309202	-0.005796968893158947	0.038266777286808815	-0.020873140984503394	-0.011441542853192817	0.03027743881256578	-0.01481529503766764	0.04436081441008191	0.07791176629467358	0.03295709437546199	0.08472082488758624	0.01947505930576954	-0.006884712661298476	0.026327975794115596	-0.004045655323987499	0.05369420650885343	0.10368440741966471	0.04325063933525545	0.03221382883041984	0.04230357649744903	0.011851576072940831	0.033124579295463294	0.040945415461538834	0.0388971449546046	0.09250216038957451	0.024294054197341257	0.03383650095850546	0.031259762979135866	-0.014436313719681978	0.04451215471382855	-0.038614281042431926	0.03437455346445396	-0.00011705236763533105	-0.024755340856183205	0.017989742814367108	0.020403897955221822	-0.025372477890540243	-0.01889468588830563	-0.03733317449386605	0.006365499762246772	-0.0025823703925019633	-0.0064185175428220125	0.03346111612336695	-0.02782374561343149	-0.0005298190109586863	-0.022153334343289203	-0.017971662013944505	-0.0017907345304842416	0.00942804221208935	-0.12191534855924434	-0.1226167389244228	-0.14329913398023292	-0.1342036587557105	-0.08764945276343517	-0.10848265920547799	-0.08468749254066954	-0.15157932946547595	-0.08775725593087944	-0.08205806409520792	-0.11994752836399829	-0.14266946694247884	-0.05152705828303483	-0.08383794959396236	-0.12706689270299104	-0.13154374338247582	-0.10306745648518569	-0.12618380701351448	-0.0949528259839899	-0.1305399668316431	-0.1194940490155313	-0.11517960486997295	-0.13307745316644023	-0.11101281198613588	-0.10745657319685294	-0.09525823556110997	-0.14114156458200103	-0.12598909044185727	-0.10360239886420132	-0.0888386052583073	-0.10474563671202133	-0.10775105160233832	-0.14085619977665528	-0.10052739187678342	-0.10150835822179206	-0.14001518012340497	-0.1298622941335263	-0.1127516703462372	-0.11221840371755831	-0.11619635188978435	-0.10312683155994339	-0.11638530608142637	-0.12893356404533876	-0.18824327163035384	-0.11552806152793527	-0.10512753360204043	-0.1012867495109125	-0.14822203225800754	-0.10295741787271458
0.19946978979448643	0.1682733279601114	0.19154945692048372	0.21073719836802235	0.23475600909248615	0.18308973718333088	0.1934106928347543	0.1762341173093403	0.20377379606722532	0.1939181950212189	0.931940325906444	0.16726230580405085	0.1559015081698699	0.21375086958136952	0.20302711075354454	0.20058539831898617	0.1943266309758289	0.19258825684303546	0.1768748098252152	0.05599145242763794	0.04274904174786477	0.12333388316523394	0.06657722062654149	0.023350241234276512	0.01491661806336858	0.0479828048631338	0.044420310535182375	0.001155406080242827	0.07286933380738186	0.021405564825180145	0.051565709774466215	0.06256126253827227	0.09052396748094933	0.07499503120139606	0.025925559081117832	0.04834075524593222	0.0237577853035229	0.035690147404644545	0.024015115089672363	0.08308302091224264	0.03422778728874366	0.04527289008158126	0.0697453989425676	0.06490851456429374	0.044379442109783306	0.05179198289126432	0.0651081519156585	0.06920858607652544	0.040864977142090704	0.020855550338661735	0.03929170813692077	-0.0061444912093948905	-0.020978751010650346	0.0037667770897747543	0.011215701504411427	0.026068693444860923	-0.024298983898660382	-0.0007529893818048471	0.024448009169835593	-0.008085139422375988	-0.017695315683879095	-0.04417015909721189	-0.031346449982225515	-0.017862013101092675	-0.03500676771459851	-0.018151868857696294	-0.01903039966149722	-0.05657580757754291	-0.027902931804382827	-0.04306305581859221	-0.059854020687872024	-0.004240815692681307	-0.1294708054137314	-0.14775189934796934	-0.11381831127075237	-0.0787627461822217	-0.05501490325608651	-0.15214866115223788	-0.09878746765586893	-0.13008863361652148	-0.08721076806084944	-0.046563758812508634	-0.13783593026141033	-0.08677899979073822	-0.11326840220157286	-0.13691368147319813	-0.08954956932402687	-0.13403441527660015	-0.13312151471362205	-0.11484282757431807	-0.13975462890672108	-0.11840599691622893	-0.0985405118297083	-0.11807110639780646	-0.11995835012867472	-0.14529321760395672	-0.044551400261491084	-0.1341171745875168	-0.1284090586388063	-0.07802343037928243	-0.1143424783349457	-0.1093962687871619	-0.08782568068489029	-0.0917180405099103	-0.12421637882160803	-0.1353784374048397	-0.12982463589429039	-0.12635606331268248	-0.1146047027786756	-0.11412830428790714	-0.063688697357229	-0.15909496689197494	-0.09716000950964417	-0.10921369016433911	-0.09603715331558627	-0.18964286941235292	-0.13799440423277273	-0.08607921513290617	-0.1291002698105115	-0.1274153478699618	-0.14654114473761365
0.182573689422178	0.17780554521907843	0.1904925909019976	0.1840570912648873	0.19545281762031105	0.1796349867524477	0.13364030715354389	0.17685231818989675	0.20260809412107383	0.22945086746418328	0.16726230580405085	0.949521464039391	0.12368186084189996	0.19158070382133938	0.14679892725669397	0.21796294423935897	0.20373084668141747	0.17769560666931442	0.21680528076281524	0.030302204933605435	0.05426485891069385	0.12299238098982451	0.06068311605350781	0.01956421273855521	0.021490566252317284	0.050038983029861414	0.05193083202614177	0.047601723400062385	0.08131404754598488	0.0640910364676615	0.0857391410426207	0.1368728624927089	0.14279631491393502	0.07706275676684037	0.03584926350006318	0.009470457460815256	0.07549364012854747	0.02132721635482158	0.05493100850634805	0.11464599946603639	0.060620834115357645	0.07799405109375418	0.09554101237346992	0.051689963502782744	0.05145721636276862	0.04203115886098925	0.07913658369160573	0.07445017984545288	0.0765897419114261	0.023110162083402226	0.0471129265791458	0.005743542057117959	-0.010937655600916718	-0.03691417674028227	0.04500741127854053	0.04359916396900512	-0.0193639395515286	-0.0038014974898791668	-0.0034686884699924644	-0.009312818923058505	0.010471650787658727	-0.04343752587929052	0.00239099444330561	-0.010721247370827244	-0.03171253212719244	0.02289485595835068	-0.010412152439582557	-0.007454294408486755	0.007780765801448443	-0.039391384306020995	-0.025067228461748338	-0.02248870486895043	-0.12400881518201291	-0.12469908414909815	-0.14494116095481002	-0.11887228426299365	-0.06451982956541576	-0.1225112694637828	-0.12073622479208676	-0.11401870102163404	-0.15440068612833352	-0.12642349955472518	-0.11133522126601615	-0.13613709796160708	-0.11612801843328469	-0.09819856899194236	-0.10518003039527542	-0.1302528085881958	-0.11895964836186411	-0.1282249599494591	-0.13180333629781357	-0.14763788272734887	-0.14484900220279234	-0.12587445616517035	-0.1377246455215059	-0.10213875827985408	-0.1503089985361813	-0.14136332410333483	-0.14579067807241258	-0.10279795484227366	-0.10701546704732612	-0.12334835557624324	-0.11174181044045302	-0.11437659675202595	-0.16327530164893778	-0.0922929951958782	-0.09963054623772603	-0.17611865436029012	-0.1018314733953171	-0.10746403481323773	-0.14054898862434165	-0.10212155529945004	-0.15229888592055998	-0.10332055398286301	-0.1375114350322844	-0.1540780278654185	-0.11922880935704615	-0.12177025825565307	-0.14349709079953704	-0.15012007103225988	-0.14012922095993025
0.1623959480684402	0.20403103338071363	0.17621336241225408	0.2103340934254459	0.18106577752466563	0.20167159659775133	0.18047740600558837	0.16588077166946272	0.2113181010515528	0.1878106498281774	0.1559015081698699	0.12368186084189996	0.9321943352182385	0.21750747270222703	0.3096505870699162	0.1444236706091716	0.14646459221567706	0.20744410171018723	0.19009832913263616	-0.017375829979567645	0.014777091242653324	0.0993693042679069	0.050177220504016816	0.013905733955423688	0.030219619575481513	0.07835882098321176	0.044979986834586774	0.038222760094892554	0.052492548249098096	0.020120029688522906	0.04188303077163192	0.09668450750095701	0.07554899914849063	0.10182460062576675	0.02149399329801319	0.04216334262685099	0.038596138570087445	-0.03175422827819358	0.03486238446437206	0.08754443178276432	0.04257625266545919	0.051867804309180775	0.06377578056081273	0.04167327304727334	0.020518688188018008	0.0666699608492281	0.06609095270850736	0.08243543961850927	-0.010034921350653116	0.017881955040506974	0.004916896688502707	-0.0025374604228022664	-0.01463330148884824	-0.019170324159946784	-0.001168728621146489	-0.03339299979921964	-0.039760306154805615	-0.02266533341062697	0.02422595998559538	-0.04010855467247839	-0.06584835666555278	-0.027203457649892966	-0.0486560228990424	-0.06241403811771288	-0.0464018872308646	0.011035675372191219	-0.04803967939091241	-0.05944870300748425	-0.009379841168293351	-0.020086532082969122	-0.03835184928252852	-0.027261046621163628	-0.10534528385786146	-0.10842667995757282	-0.06570149952766086	-0.11102012946511991	-0.08653275073485701	-0.12239795362922179	-0.10659890359710898	-0.1280666279492037	-0.09670021963587976	-0.07135055362441362	-0.15158355059714318	-0.08137619191223892	-0.08441836700500334	-0.1091616911285483	-0.09868609591088166	-0.13017508811143286	-0.125247418119345	-0.09660449807126965	-0.11301770030792861	-0.12134203779721972	-0.0777067764670194	-0.0931175780698782	-0.12271434364331525	-0.1288617085774005	-0.09211119998037409	-0.11174280712282977	-0.14962604586670217	-0.0798519136900307	-0.09885662495078991	-0.09155523516587319	-0.07558852406834532	-0.06513956162317294	-0.11860576603374567	-0.07641880763066085	-0.1185156206026225	-0.08436305350283665	-0.09517187300594553	-0.0833624560468891	-0.11400081518397277	-0.08313865003559608	-0.08636537166453186	-0.12873608785804794	-0.08442012605143388	-0.12133352189786192	-0.1165213918697977	-0.11009191879280444	-0.12883735502188376	-0.12932169452451842	-0.1177587879329052
0.2072644374571535	0.20715520339048824	0.1853198177270885	0.22274591676121105	0.1981158244594251	0.1958066170563495	0.1944437045726166	0.15967973259195337	0.1647487220094658	0.23520926005789414	0.21375086958136952	0.19158070382133938	0.21750747270222703	1.0412515728068017	0.20495961708935634	0.20044572975060487	0.2281617688269223	0.20468955083408896	0.20462820185126693	0.05975438579637898	0.08854464936284388	0.07205953822506998	0.0756814772930141	0.007787710889594456	0.00887672181915552	0.11720548287831202	0.03947071346018439	0.029271202087493734	0.08262535756200191	0.0350827902035924	0.09287447784028278	0.1227781604771888	0.08219263883824507	0.08016421537611372	0.03796577107780512	0.05307508525579239	0.11847014591600974	0.06833528402077974	0.0789216378563015	0.11119312244473319	0.06572939229269362	0.0847584430707589	0.08886651524889226	0.02231918999664708	0.07446500643829365	0.0606500532332072	0.05606282406693761	0.1322157714841314	0.07419345654630148	-0.0030755919389111263	0.028909918190307207	-0.03428279794118454	-0.04759457435070972	-0.003518291814059027	-0.006279206590975028	0.014662074241836937	-0.03112314925937069	-0.0330174828981848	-0.019115779509440694	-0.022080695657404885	0.011092714917272413	-0.005394707248628541	-0.012200396149438365	-0.02384219301252918	-0.03730056669019698	-0.029066410637861702	-0.02298179470488953	0.009424457051735766	-0.003933674507140475	-0.02086474604397306	-0.025516183405177105	-0.018662197711673194	-0.14441445735509947	-0.15012344376650358	-0.133151339208451	-0.12402213149854983	-0.0964479255898115	-0.13730877777445108	-0.15234326396074227	-0.16334056986805595	-0.12870135818776227	-0.12317807845540524	-0.15995345432312633	-0.13566639203070976	-0.09888713918639871	-0.13597035536472252	-0.11451582724977573	-0.15455220936449363	-0.127831344146907	-0.14617984842615087	-0.11341561681919576	-0.1404379748108863	-0.09125599095896166	-0.07546120772963102	-0.14060271858277082	-0.14848104818032612	-0.1159103924515852	-0.14171244728805465	-0.18236337207776615	-0.10947324420556513	-0.15205187697714337	-0.09807131281487086	-0.1267430947006908	-0.0960127731405686	-0.12462990984846746	-0.14334004355185054	-0.1522183441826727	-0.10889225420019084	-0.1068389428456272	-0.14254953076510213	-0.1166471667799532	-0.15122709588523064	-0.1788802129844676	-0.12433621470650552	-0.1274055252838977	-0.18920250994238258	-0.1438013926126744	-0.11930159471692142	-0.10232677488914331	-0.15257334667065517	-0.1289555277571549
0.1841629297896236	0.17398968836521372	0.2129829588585135	0.2108790356657372	0.23350986283866054	0.20142849456474665	0.22184394449044828	0.16194505073111304	0.17345214304518286	0.20449737975993498	0.20302711075354454	0.14679892725669397	0.3096505870699162	0.20495961708935634	0.9330020560606556	0.15181803250370954	0.198727631550631	0.22354448765178694	0.17455935194334032	0.03654447589878996	0.04498095849074647	0.0719630957256431	0.07010438184340329	-0.027081437734925284	0.08044836013037784	0.05522406790940535	0.03825180652554285	0.028873264874914786	0.06875777661506163	0.023470174451029505	0.03847288056400949	0.09433652991989637	0.04942560238278653	0.047649831751763884	0.026676770241426555	0.07337036464318471	0.06657649912331406	0.041444248470198695	0.03535436737613751	0.10078525594549664	0.04847347504157092	0.0633238186728567	0.06783028001405628	0.06532877052161025	0.02236440041753869	0.048579790251814164	0.00010190453305397821	0.10058608025339047	0.04604979381475879	0.017889775643950202	0.02878097833515968	-0.01887908885629142	-0.010249306804732027	0.009293260355444777	-0.004317267802577621	-0.010946251921238524	0.0017254171682346466	-0.02621025552990234	0.014269935071874807	-0.037636610627919294	-0.04473267866485561	-0.043266199669491294	-0.02977064558160487	-0.027734455888872092	-0.026948494003742576	-0.005934397585217139	-0.07958926289392888	-0.058887383210217706	-0.026940905899451806	-0.049775723070970765	-0.020477684697037837	-0.047420285012220224	-0.08232948285152344	-0.12655930152952266	-0.10804764879166102	-0.09759601799367927	-0.11162260524558691	-0.11919939592419093	-0.08699171973847256	-0.14068678810078677	-0.10114792694169387	-0.06470468474539226	-0.12466308717227666	-0.11983014327470022	-0.04372160570242826	-0.11168591137901654	-0.08135725496331478	-0.13052476152475034	-0.08646988552804798	-0.12981469056954123	-0.10671203152617291	-0.17297874192806392	-0.0711681292980661	-0.09840230025627185	-0.10802817355737458	-0.14887826516178518	-0.07207882760384146	-0.12237404052404705	-0.12659503392700433	-0.10081095357020023	-0.1420162512574636	-0.12384351703971008	-0.09041439585459002	-0.12003037033700367	-0.07976174099815891	-0.13043463713864012	-0.10835699084290153	-0.16272488492018422	-0.1391775041169043	-0.14069349953527135	-0.10181308040111035	-0.12622325660204456	-0.11741852435492789	-0.10617072031436048	-0.09585606661947632	-0.16798381740552512	-0.12638138645411398	-0.08824178454516077	-0.12927966748784478	-0.1533289859763111	-0.1206245340198499
0.20209882300069973	0.16749352590772495	0.18800038197227759	0.18997240611988914	0.23292547479520004	0.166634486831625	0.18094007277462015	0.16707353403347658	0.2118716393226385	0.18170908676606118	0.20058539831898617	0.21796294423935897	0.1444236706091716	0.20044572975060487	0.15181803250370954	1.0328917664464434	0.17306839981060407	0.21316592580384097	0.1989460526529549	0.06674150076647786	0.054551426342107405	0.10601005322017945	0.051369824661294784	-0.012404317199645336	0.04818400464761036	0.05104446956973081	0.005070291728238949	0.027848862758320308	0.022706815832135598	0.005944893893254394	0.04158602145213636	0.11690936660792069	0.13902955327621216	0.10326312659082222	0.09856828851519633	0.019667063203395358	0.04823012225632351	0.034632899617602346	0.03993574307472187	0.042334464386364325	0.03535592323552701	0.09294259401173754	0.0999398885820291	0.030942636789862154	0.04091642275325938	0.017882936903160923	0.020256824039051925	0.08296286409563754	0.03654123832882772	-0.0043691864292001	-0.012675868950765948	-0.025409647112676733	-0.029906062361906037	-0.04305515525996914	0.010334285243054924	0.03166447929763168	-0.028876653419734572	-0.018755303101928838	0.013431026794859786	0.004726648965207757	-0.02833296859855304	-0.01821719618311857	-0.006559081697040444	0.02696979459687813	-0.034348691827261156	-0.004603454646380783	-0.024256724702437244	-0.019223201782424038	-0.04563146222957843	-0.027920434363164937	-0.010992460624310243	-0.022160995018282167	-0.13324631752915572	-0.1200281317265054	-0.11658506300452315	-0.11674100558107875	-0.13991659046073573	-0.15318709871377362	-0.09453647987395969	-0.09423502747761711	-0.0441070191880502	-0.09362935007420795	-0.13720590720607717	-0.09788185170475837	-0.07411916138755172	-0.12130473688695123	-0.07014279968829319	-0.11740848835045302	-0.1342999878928544	-0.09242376895828276	-0.15626642077461028	-0.13476673432034122	-0.11721664179115779	-0.09944011905461773	-0.07945411976996557	-0.07642483317353929	-0.08317352793832757	-0.12320252455540652	-0.1466514193291655	-0.11159326898321184	-0.09685189339978882	-0.13317735544160025	-0.07257890011110217	-0.13484744816753153	-0.11482363607679501	-0.12400176363123747	-0.1264042211783976	-0.1273250031117636	-0.16388319389743852	-0.13070520098431962	-0.101745121639735	-0.13374528574178696	-0.10264371211473648	-0.10080276891067917	-0.14573743986323848	-0.17918076897960086	-0.12427172982209203	-0.11696819382858539	-0.11497539998943868	-0.12389206181442482	-0.13922894389797036
