0.9722436505410426	0.18313570218844055	0.192406526989918	0.19202278133253484	0.16865885690634771	0.21578930620800119	0.17759766432726665	0.13907434389554024	0.19920649110724784	0.1701886607205353	0.2024689296906718	0.17976208016946219	0.16227669932028746	0.20602372672171368	0.1833531407575386	0.20103150223399738	0.2053068021185753	0.1967304061485163	0.1839173271724394	0.050747908520887376	0.058564591187171534	0.1280848310884281	0.09219375132818229	0.03851423512233139	0.042142290787243124	0.11105895142871344	0.07070745610642461	0.049354474261285614	0.09227945893329237	0.03547100997571809	0.0910753950808938	0.11746580864328464	0.09155553774778181	0.05337381123167012	0.08699191214001609	0.046441469843717824	0.06599761256229857	0.028066302374474363	0.058588487444125925	0.08389377490200421	0.049719449125380226	0.05451912922148912	0.0963939683226614	0.062461178746607504	0.046929719447865066	0.06024814606546103	0.04389101484270209	0.06712292799346754	0.08133082393888541	-0.01176979675006247	0.004012295634692821	-0.03557802017452212	-0.007418345877233341	-0.012273106012103093	0.010497222466405234	0.02241405455759273	0.0033985330050641223	0.004199810154213401	-0.028166749289243054	-0.021024095053644675	-0.03746846880627137	-0.03802357593618727	-0.026891793341227148	-0.02216220100017731	-0.05693066686634937	-0.008491078629127227	-0.024286293700974255	-0.07410443975615905	-0.028635496715745466	-0.04504927456239787	-0.03655551611525799	-0.043880410527918724	-0.07562624215200293	-0.1817043914377799	-0.12731427806739498	-0.0898883639997642	-0.09505287360764383	-0.15748108489618592	-0.1112374901456509	-0.12414293476065068	-0.0948145532995753	-0.08097461438010174	-0.1521956906451547	-0.14736175554855555	-0.10397910387813086	-0.10002768009079475	-0.12236929690230447	-0.11466007423427821	-0.1091661126925455	-0.1412341256998017	-0.1256985592851225	-0.1658857260600672	-0.11569456260538476	-0.11079450975675613	-0.10259313361655074	-0.0918759502746695	-0.08511853285866024	-0.13977812704717818	-0.1461756762011745	-0.13215684405517322	-0.08085906117744603	-0.10390022560539978	-0.09664789038031754	-0.13059821140642264	-0.12000743862289212	-0.1175840195859455	-0.11425675180934045	-0.1451325290632849	-0.1380449113933248	-0.12433430434264338	-0.12584097684735818	-0.14427965236887974	-0.15725837971459528	-0.16687072856735366	-0.11123358927967951	-0.1184410357331267	-0.13791479561685996	-0.05866951643369361	-0.08966684654112111	-0.1650761075320373	-0.11018812143800924
0.18313570218844055	0.9531681031794313	0.23995854756845492	0.19211162539798546	0.19499915507085475	0.18776987890896749	0.14221542551680239	0.1936113592687073	0.2146861888657428	0.20029907954888596	0.167712208808408	0.17489486538869176	0.20449426916012378	0.21027238704974988	0.17518479843952453	0.16874096389013016	0.19461288278769856	0.2339144887005192	0.2392551880466349	0.007550003586077878	0.04644722908828799	0.15105941095029232	0.028903977663162495	0.013659818732072103	-0.01357535036890577	0.0596010878916705	0.028803480845362224	0.012950408330369553	0.006296721366774121	0.021618290881649117	0.0519941501031706	0.1248669034041088	0.08095870432988862	0.05548770064959134	0.004644334707933583	0.015295272419960803	0.051539665884156594	0.01832231563156896	0.0120150322469379	0.05783537794050011	0.03727897118181738	0.04065133180610606	0.048631999393885544	0.05531119279959501	0.026777494388240015	0.01483130945070888	0.009071955392805095	0.04816700486145162	-0.009608463241851708	0.01606494443270202	0.05763723409691355	-0.008428013124131948	-0.017483622760619513	0.017930782146273916	0.02420563587228616	0.04140830957892087	0.005083949219445195	0.0007457846073839769	0.032515034095370085	-0.011056520484398268	-0.025070892340560192	-0.022020663765329972	0.0035722188629251734	-0.020778477785143724	-0.029182509738279044	0.014188276796683682	0.008140991409274573	0.033071218044993966	-0.012783038305839817	0.010760493820254286	0.01734132335268684	-0.026897410680593804	-0.09220688222786812	-0.15001934887384874	-0.13651745033685905	-0.10969818138767677	-0.05995044485833303	-0.09521339707313102	-0.09509729622392486	-0.12143924503271145	-0.10987062921953111	-0.12242201434779446	-0.14626265512057854	-0.12877939929366833	-0.09176244342201506	-0.10335331318450196	-0.08640057299662418	-0.14772503463697187	-0.11779167820263377	-0.13414002550465387	-0.10089677841572209	-0.11363353591799563	-0.08993165797382868	-0.07906078192859327	-0.13187303876469825	-0.1446435714030941	-0.14861681396184565	-0.09629519918059322	-0.10984540835764611	-0.07817515471745125	-0.1069934402981772	-0.0848936392150449	-0.10907577953104404	-0.12478843357988886	-0.15439991628541405	-0.09708863394786478	-0.09361029497368208	-0.12681679123625575	-0.09529019921611961	-0.15530406736686403	-0.10498995886705031	-0.1461298611673701	-0.13617864763580834	-0.13445142441628713	-0.11683071296417319	-0.15448919142769918	-0.09744778142348794	-0.11004726488810103	-0.12025497715850299	-0.13744702556472463	-0.14395815447797922
0.192406526989918	0.23995854756845492	1.052858341389416	0.2198746799282334	0.18636172885180702	0.2322600480784061	0.1751762411772157	0.1781232764133565	0.1778450628420388	0.24248582333517954	0.19010862673562717	0.19037407354311614	0.17344369870806273	0.18450082540656104	0.21226838318190736	0.18847155931700696	0.19697823777657303	0.16990064588412343	0.1714988879812419	0.03012652803311608	0.0793251658517915	0.06361111244763284	0.08595837124641105	0.08581755716603517	0.07320113368217301	0.07991950587598476	0.0492690390969407	0.055617453354628116	0.05172073033812913	0.02566797726538084	0.07431022750755976	0.0790624716675635	0.07173123032161935	0.06777463265088722	0.0484095608661796	0.051628381143803546	0.06529163300027425	0.01720604004341737	0.023683069544452484	0.07108513242485581	0.023583809684299024	0.0553077159287523	0.06923829147789833	0.05654517266718618	0.047045054945182053	0.07963629958938981	0.0286412385964155	0.06517499344275421	0.0481072951798507	0.02587784102281842	-0.005200855944587101	-0.018970916559138358	-0.024464158883213846	0.023398605769201396	-0.03161467646878864	-0.0012246440548470492	-0.006548949769423798	-0.0016922758195650552	0.0037441532320966757	-0.0007232778513049235	-0.04056959440679063	-0.035645118744552	-0.02652934181915978	-0.03796952637416372	-0.056623040621280374	0.007752661839283492	-0.038447658790221044	-0.023095953578017483	-0.031462406220327026	-0.03534768779730192	-0.01809399902705324	-0.05450453534740263	-0.05973273660624024	-0.15925872373007552	-0.10714710122167545	-0.12955794380474925	-0.08787030179438683	-0.0695062383020007	-0.08994545144875475	-0.11977697600731513	-0.06594107466512295	-0.09957390596564937	-0.14120871975541693	-0.11534819413272955	-0.09902238834967361	-0.0764903481357258	-0.14628852910461967	-0.12221475947766262	-0.12254315462341729	-0.15135039373015652	-0.11721908188684375	-0.14744894319073226	-0.11130461579332061	-0.09798899100588385	-0.15580102795905887	-0.1343601090058837	-0.087166745421835	-0.11027580416985647	-0.11169481284849105	-0.14250012584993818	-0.14816334458639582	-0.10671291985845191	-0.09731219416864373	-0.1503149157185307	-0.10781184168138656	-0.1149475441159302	-0.08645643394184507	-0.13842852845024112	-0.14174219900158117	-0.101934173987602	-0.12998706883674355	-0.14009072108729562	-0.1516299783371904	-0.16756704242139042	-0.09372627189252178	-0.1749049110769861	-0.09729542297991095	-0.11368311687931767	-0.10983359512861006	-0.19101712812142144	-0.128177184200033
0.19202278133253484	0.19211162539798546	0.2198746799282334	0.9904122927074843	0.13700116684965108	0.19768729510926947	0.16813575872210273	0.1838341410739677	0.18894994978700672	0.17567971206316066	0.20944808966821682	0.18230472836751185	0.21021817657245687	0.2220741879520353	0.21025942631726194	0.18729373564987384	0.15960928962028956	0.20282667525729742	0.17634733722039073	0.05460884809207816	0.06085243221523341	0.03834720460347385	0.09416740139164152	0.06695045047240947	0.016314001681192514	0.03775849104033974	0.04947217012753004	0.05168922044250869	0.053373672100154215	0.04372946194195024	0.1024265666842331	0.1094551364579758	0.08174860337457934	0.11902112959531463	0.026093743582933388	0.07593206052820638	0.05108062056353799	0.046768370154248555	0.03619258993198971	0.08308567015783307	0.06364955189838552	0.091525536543889	0.05300099980099367	0.0999959858811045	0.06436245846410864	0.08127031984012748	0.08850402444183521	0.129666044782797	0.08013934629589205	-0.011870285061584386	-0.01017520130917881	0.010110181167310904	0.01731503056837291	0.004801405621484423	-0.028689079986022874	-0.016436474876164047	-0.023148455125716342	-0.005536395003333278	0.028587741731477948	-0.045864182023702176	-0.06951102871176462	-0.04741500127046751	-0.049788936895869655	-0.04680749267465347	-0.04436807081125555	-0.029174268043726283	-0.04362228168657963	-0.0630861355962315	-0.010206288150073742	-0.06029629187518183	-0.02634072576693965	-0.03360107422098006	-0.09100597383530397	-0.13041195776265896	-0.13624788104999666	-0.1287050854557866	-0.11741062201631812	-0.14045062263347913	-0.07169706953263799	-0.1276808348665265	-0.12365246987907759	-0.09930457658993429	-0.1285421057732234	-0.09965740489993621	-0.09563568456909087	-0.12228348479570879	-0.0786869992339147	-0.14598351105883572	-0.15293588302492608	-0.0933612261265537	-0.10622610406962531	-0.13539720951157203	-0.09633106017676782	-0.14534086596121645	-0.12461925220345026	-0.10124041015321007	-0.10198732585547476	-0.1427382983429819	-0.0996822041649595	-0.1493190726875782	-0.1301300895546648	-0.08508460055665838	-0.065146109389026	-0.08079144883149372	-0.13146395010540854	-0.07493682702921615	-0.10144407914062309	-0.12913102207568433	-0.1578409315623117	-0.12106832922331467	-0.062303769032880166	-0.15202877207151091	-0.1349031813883288	-0.1536432930188794	-0.13263272711027563	-0.17473569812697937	-0.13212427690136788	-0.1297386103528237	-0.15444974553786459	-0.16091608997739085	-0.12103189480742518
0.16865885690634771	0.19499915507085475	0.18636172885180702	0.13700116684965108	1.0742198989959015	0.18533410366366918	0.17632263853110502	0.16171073384092843	0.18424324771969605	0.2021774054187378	0.2340611915153244	0.19305553713626103	0.17938951302756645	0.19819817528454545	0.2328005777744104	0.23262627651924628	0.18026045285665923	0.2182988620402022	0.18122469998178592	0.009219677839020418	0.040614270472237375	0.1155887290050826	0.022028389347986337	0.02252883691761202	0.07013256806516265	0.07687353403419096	0.02428071511113633	0.051745642482238	0.041507635943206014	0.009770517441350516	0.07715472438924473	0.13474743089750701	0.08370364968738707	0.09686821090753216	0.050544126957830296	0.05054500509985202	0.05665618251056425	0.047895812206150475	0.02970067749526034	0.10424374962725697	0.05862904218631535	0.054556184077175045	0.06675160040974545	0.008507466453196097	0.04310454707653526	0.02967335769323593	0.051058427533017106	0.06501977867256238	0.03874123009809332	0.024161724857760483	0.0071185795737427875	0.031650335281881804	0.004287428851916733	0.024405203824177872	0.0075587001686476165	0.023312283312522157	0.0200680475457325	0.01606254121621987	0.053765347577008155	0.021865704214782736	-0.021354402844347798	-0.019225471839503027	0.0021115068578455897	0.016470349002205058	0.02484905594689921	0.0063923543166822215	0.011522136168626169	0.001977628979465475	0.014579359455992083	-0.022610643282330263	-0.008246106581372472	-0.001886568096450752	-0.0771134940624923	-0.16862342081940163	-0.13959486548914285	-0.12460923560104457	-0.11202517049136537	-0.13292779594746928	-0.1472870294289824	-0.1405124542136379	-0.15858428343381578	-0.08868545184663305	-0.1325645010451193	-0.12423934883104971	-0.08156980365342835	-0.11042152519351872	-0.10491059732201305	-0.13899351882264696	-0.1205192951043803	-0.10511119354109888	-0.11564382286904284	-0.18029518945968342	-0.09245092872382854	-0.12812445174908754	-0.14938079244616162	-0.1631954261774999	-0.1201606607482445	-0.13444171785784756	-0.13923549070191438	-0.09936065006445581	-0.12508804611658092	-0.14996539688215435	-0.06092676885503953	-0.1351274697107463	-0.12805062215678878	-0.09471648036220438	-0.12135174347212163	-0.15814888196844196	-0.16944528457614863	-0.15184820465464635	-0.14046868984645375	-0.12328530797631326	-0.15960065080389807	-0.1267093241572684	-0.12363190788034104	-0.1773705278522635	-0.1584902950688218	-0.14859056370904059	-0.12461515388961947	-0.1613958362399893	-0.14780894774089376
0.21578930620800119	0.18776987890896749	0.2322600480784061	0.19768729510926947	0.18533410366366918	0.9661719416955902	0.15688728574925584	0.18364156530292952	0.18905205956206014	0.21206552771168358	0.17990141948353175	0.17839780942853778	0.20086240646815834	0.19409666506691514	0.1995322850613254	0.16590024732610212	0.22547368799367995	0.1563429119264833	0.18100045222164224	0.002863981292948132	0.04476102599113738	0.09165882964080184	0.051289010431889104	0.010973161828772516	0.04433207146571151	0.0391610602534797	0.01555799155955228	0.0005519269614737344	-0.00076101408784717	-0.010492468549499112	0.0954185393727431	0.10722049762117339	0.044256199930989296	0.06426557404232322	0.063734309244465	0.0027385704943924125	0.04801303175191248	0.061367788413729855	0.04603416856790324	0.03205059482000829	0.004673757667698426	0.08503707087558925	0.041091945821538	0.0438381807483072	0.05612111200998111	0.01374837825636959	0.02484059296952889	0.04933033888031855	0.03285078059524922	0.0074086194648637195	0.008058563202127762	-0.012795142450429762	-0.010172029744710896	0.025157997094672122	0.030925795333452317	-0.003202887870894727	0.01946095114319986	-0.007674651271535573	0.02793776524059209	-0.049960209025853845	-0.0047255386775279596	-0.0024916017708841278	0.003138916149460275	-0.018450914020649935	-0.0015585649796162643	0.006548584436432753	0.006500014534235431	-0.009389645780898346	0.007899593477309378	0.016347490431710764	-0.02798537612045662	-0.03353444114459394	-0.1423530957543207	-0.13816990594533896	-0.10928885344743773	-0.11782792893797742	-0.09623702989113346	-0.10400275283440819	-0.04552762123829225	-0.09267689145395554	-0.1243743823890461	-0.08441933721389885	-0.13443990876628986	-0.0903837810637693	-0.08184504124892032	-0.10112384203694766	-0.08514389136396845	-0.10562498228170851	-0.10901171440974247	-0.1205440457114547	-0.09484932550337963	-0.12550892588907792	-0.11663915468947965	-0.14313967241848372	-0.10900954612108686	-0.1321206921630456	-0.11777688071726448	-0.12369690406104127	-0.1293366190381712	-0.11337249467282416	-0.14973179617541274	-0.11417386889304801	-0.08064734126637392	-0.10386238430485212	-0.11605788108221005	-0.12414973811821609	-0.11533381241677006	-0.09234241507349397	-0.13934089699201654	-0.13930701521135846	-0.0880176871247084	-0.10216684915333037	-0.14345232637340044	-0.12427834724780878	-0.10358109537070477	-0.14366414212334222	-0.12616737230672984	-0.09159729197648189	-0.11607958463868659	-0.14800388415088225	-0.17760964254264994
0.17759766432726665	0.14221542551680239	0.1751762411772157	0.16813575872210273	0.17632263853110502	0.15688728574925584	0.9476673986656454	0.13470964099821725	0.1451922695805278	0.21467380413788606	0.19432713369137422	0.13043932631868477	0.1761181024504282	0.19263858473853393	0.22360525723795738	0.18033481510551927	0.19838981098574127	0.16060415432704098	0.15865311278569755	0.04257828251431683	0.0751753323738632	0.07891422807959947	0.03832954579237852	0.0463841030099382	0.07602361988415869	0.06053436935919404	0.06311934821956486	0.02167004325090161	0.08911942886567721	0.07409742848397984	0.041332487768518854	0.08951078567285975	0.09657899408771793	0.12705888774172688	0.0653927837964994	0.03809444826239147	0.04697395152846758	0.06342195221056396	0.06393274616512239	0.06878739713835604	0.057446478870935	0.03452284996456968	0.09982328437935133	0.055452796882999145	0.05460083987126836	0.0952095431359116	0.055905238740960324	0.1019099258188278	0.027742343218375567	-0.0175629644028789	0.005965069258772689	-0.043235933195942135	-0.04216471902041793	-0.055722854763379036	-0.01463704204087923	-0.024168908808162307	-0.04450945699546181	-0.02866692844737133	-0.036281576095170597	-0.047413159254730365	-0.05658317804269934	-0.08667535592734912	-0.06865914377983935	-0.04778136290608063	-0.03807650889042929	-0.009299126115572324	-0.05570299424701713	-0.06124692804097172	-0.06513899075599107	-0.06278458272269918	-0.059556398739219196	-0.037712109177912095	-0.06256022804949148	-0.11816378905628948	-0.10648387627697216	-0.04279662141025329	-0.04210262337328917	-0.11435367604613705	-0.0695334015081677	-0.12700550421159368	-0.0925257250496795	-0.08481019227734865	-0.11238479927045998	-0.13688973083971737	-0.06885411622186276	-0.08049652446483287	-0.08739749282242168	-0.11777579237308378	-0.1242414621228015	-0.14243345031936333	-0.11575572848956138	-0.14597975019997725	-0.09418792156635038	-0.08138765706857388	-0.11936416410277242	-0.11271062117019794	-0.08370822312920552	-0.12615291718727176	-0.09517978100132941	-0.11474312817888759	-0.09690830799216735	-0.09129900038077969	-0.08181414198494626	-0.1022372970471431	-0.11806321306030845	-0.10448800932537207	-0.10800388352993687	-0.11026699979140417	-0.10865568149533339	-0.10929484315156167	-0.06522133389845067	-0.09856093383857811	-0.10312413176709553	-0.1236341038227192	-0.09633531499750461	-0.12885459114116793	-0.11767352591802512	-0.09892124281776259	-0.10549189922057481	-0.14182692915980374	-0.11925476174555649
0.13907434389554024	0.1936113592687073	0.1781232764133565	0.1838341410739677	0.16171073384092843	0.18364156530292952	0.13470964099821725	0.9661159664996853	0.18669483734492734	0.16799514021694714	0.17447225084828422	0.17677723579897323	0.16405334214009493	0.15984395534394058	0.16146348728757356	0.16640048539058663	0.15269691023217843	0.17057427239932113	0.17031620879134501	0.02989535818888549	0.0077299519724493984	0.09819286917914985	0.0637435631391645	0.006915353053103991	0.04965170223913246	0.0846227526202679	0.07562747395272963	0.02775799604779966	0.028569955010579767	0.008935223315463358	0.09240016157753433	0.08318670203595137	0.10266674898731369	0.0785344919362559	0.08060312288425701	0.03614833794931494	0.012947856459249665	0.03201995092838882	0.010256538522365771	0.10738480070379443	0.026744742391625633	0.046601335721473895	0.07784072422751011	0.04548612368644123	0.024764777704451697	0.05411037238832972	0.09283868198167367	0.055296006905046685	0.05887874773867401	0.006293213013508674	0.018934748513866395	-0.01442197255427813	-0.00919380012262667	0.007302596086277108	-0.010111839448534752	0.0041761874438780095	-0.035636343714810365	-0.013457285148420593	-0.017526859683540487	-0.006254726164313646	-0.03813906668117918	-0.03675766387480826	-0.014388042451761954	0.0166676696328167	-0.019184968345933726	0.007098273478045971	-0.016393994571409772	-0.0067701357526319455	-0.02593319684253042	-0.019938236640012326	0.020244243445980747	0.000850879645895095	-0.11459038639073514	-0.09965336807088888	-0.12661434606169478	-0.07733310347444453	-0.1212042237865474	-0.17764953497999655	-0.09473017350503352	-0.12700670170013229	-0.1367122970289256	-0.08387453624189489	-0.10623782214707765	-0.09805726087002789	-0.0435084688827055	-0.0939482660214196	-0.11957909976860419	-0.06551689058818748	-0.12882403788144298	-0.12649414195153028	-0.13769543121258915	-0.09761926410559434	-0.09576543525159321	-0.10002807681027565	-0.1172344418274375	-0.13258923571094977	-0.10340159385414652	-0.10300350643119616	-0.14512272528466177	-0.07192138337562433	-0.09675119262988933	-0.11503486816038722	-0.08545827165808068	-0.12315447109055412	-0.13566295659683777	-0.06682691579779208	-0.08731577048889488	-0.10566039382176363	-0.13008236020592107	-0.11046927448297611	-0.12814709375392397	-0.11811685324223564	-0.13587117925593875	-0.07439730296714711	-0.17730223955522162	-0.09451255918451451	-0.12047546561359865	-0.11200526884777172	-0.13276115541927458	-0.13363448231559774	-0.0915570376696628
0.19920649110724784	0.2146861888657428	0.1778450628420388	0.18894994978700672	0.18424324771969605	0.18905205956206014	0.1451922695805278	0.18669483734492734	0.9604264090927449	0.19538638856137944	0.20373835046980965	0.2018138412539858	0.20937583333379925	0.16370909686815877	0.17189122598290826	0.212814566829709	0.20955401363552315	0.19503814830614855	0.1896730448134041	0.02553965026057314	0.025522280670396368	0.09687321771230817	0.042575976052195943	0.047276221287528945	0.019010527679932956	0.052345100261395015	0.013905648393355851	0.025029195712957943	0.050635745547774225	0.007363370753352022	0.06627677798693736	0.08247383639775428	0.08210134265310896	0.06517074076434444	0.05450054766765325	0.027597515383464465	0.028099946126184674	0.020707611616493902	0.07917766012553287	0.09324806784922288	0.027639711420349666	0.05497567652274953	0.08017085996765685	0.05954947378918075	0.05285689138134941	0.05871869678486893	0.08253523000817249	0.07149964274373027	0.03852386580208118	0.0477803882884007	0.06124167585517411	0.020159643153650104	0.02337097715793298	-0.007252521339523607	0.008888622797530716	0.03573956229568249	0.01639006254237506	0.01868441526919083	0.03200128665995584	-0.016697295594660964	-0.03407052604923615	-0.062156717809091586	-0.011457200140626934	-0.026469113266822726	-0.026391791796922734	-0.03271804642861069	-0.018270190584554733	-0.013544791693713153	-0.0057206439967249	-0.02361946273236903	-0.020691539485511664	0.021256766856794014	-0.13430880933414677	-0.14473565939078992	-0.1193626785188303	-0.10553209868681716	-0.10827495855733064	-0.1708868464222128	-0.07639415711661557	-0.14517028587098105	-0.0953776486881082	-0.058894708640468973	-0.13053118261940794	-0.1511256983458584	-0.1281298709427268	-0.08985114437107095	-0.12895104168732402	-0.18182047791642966	-0.13103590760772654	-0.12618124766646402	-0.08310443470169267	-0.11357472293449647	-0.10434393592935132	-0.12303537389272334	-0.14474436301182825	-0.10104505606347886	-0.10810894601225027	-0.10838518082055287	-0.10378455758309839	-0.10335195889644573	-0.11672121783366737	-0.10676885584821386	-0.11204544119210705	-0.13414624638476308	-0.12205931736214584	-0.11700309516834324	-0.1209066205366578	-0.12354162422427617	-0.09217594664553017	-0.1292404480840017	-0.13343025363152566	-0.11118768612848669	-0.11540079474160236	-0.12063822984226079	-0.14618815342363506	-0.15044945381900268	-0.09902126224932369	-0.14154235900837994	-0.1365991776922337	-0.15289121929010713	-0.13435578970710854
0.1701886607205353	0.20029907954888596	0.24248582333517954	0.17567971206316066	0.2021774054187378	0.21206552771168358	0.21467380413788606	0.16799514021694714	0.19538638856137944	0.9729807810036393	0.19322938042092316	0.22819393821609693	0.18560572481362642	0.23421017112201892	0.20404768186195502	0.18043957823980591	0.22486158767567296	0.20357610444154264	0.2014449295102344	0.030492724823742177	0.052790760535510864	0.09307434018946865	0.04608161287066557	-0.004487831716462263	-0.006138447481942345	0.036888833274296005	-0.022725723123063018	-0.01226427111921692	0.029237057859260944	-0.01682120218617508	0.04454338146349079	0.07700762414213982	0.03117376292773407	0.08283763557705934	0.018915506379962838	-0.0066135459187791415	0.026577073370641288	-0.007538160862353539	0.05673798933432282	0.10427970991250665	0.043059047194641376	0.031630080374334686	0.038546840039691874	0.012428623997281372	0.031678944560934744	0.04038555367704721	0.03862706531665907	0.09149378126138037	0.021749075386325024	0.034279454953910285	0.030414669077806586	-0.014288555533734638	0.044872383441045334	-0.041010129660637565	0.030295908780888576	-0.0017679620917798525	-0.026024989774200185	0.016693754410856933	0.0231027662470251	-0.025866110535047043	-0.01896430088066173	-0.03845913410712492	0.006480936876422862	-0.002118232139010796	-0.007905820921347936	0.033203383343891786	-0.028815486690960103	0.00048044956973111437	-0.020914275885942243	-0.018576562773232504	-0.002417818634630707	0.00817380747877368	-0.12158875777599205	-0.11913720702666462	-0.14547055867160535	-0.13399218112959885	-0.08667040277414391	-0.1091706240981663	-0.08257748553230945	-0.15411683457876946	-0.0801035860738084	-0.07629980163904315	-0.11837576344066832	-0.14635584936633186	-0.049869073869869746	-0.0828220608484134	-0.12844010727970456	-0.1320246591436364	-0.1028828177280855	-0.1291022016153827	-0.0940006002845202	-0.133202725019057	-0.12022793868603822	-0.11372391470720135	-0.132543172347101	-0.11100231861603634	-0.10749009821184109	-0.09335364614522787	-0.1436874998556681	-0.12609053592968195	-0.10502424725901612	-0.08959820353648464	-0.10490059538309492	-0.10327521728278503	-0.1399280957421254	-0.10157645458659628	-0.10275633105125379	-0.14187108836300508	-0.1282779205969551	-0.11096146821763761	-0.11052415817169217	-0.11659797525083772	-0.09976635445311771	-0.11490175710196927	-0.1286445416187282	-0.19003377395016346	-0.11222849697545331	-0.10542626125442695	-0.09913724969753702	-0.14496395712060584	-0.1047966492123849
0.2024689296906718	0.167712208808408	0.19010862673562717	0.20944808966821682	0.2340611915153244	0.17990141948353175	0.19432713369137422	0.17447225084828422	0.20373835046980965	0.19322938042092316	0.9387315335762453	0.16768162275824028	0.15475810735629444	0.21541656323443797	0.2029123703685628	0.2004771796703532	0.19383710295172435	0.1933101384174647	0.17743037373753265	0.05595871968937424	0.04229227268840235	0.12326084930251778	0.06387230718747708	0.02072900959112365	0.013238387781960431	0.04652548399142806	0.044576144546072616	-0.0004530836419056276	0.07205705518412446	0.018314264745377583	0.04877543566244217	0.06120993006535432	0.08971216292292988	0.07389757495837164	0.023002592336207224	0.04770546109076323	0.02299198304017794	0.0335424688653327	0.02324806287073835	0.08147625918253021	0.03367346565256756	0.04375570562663862	0.06831520837582665	0.06321962672868445	0.044304568275470975	0.050667660395611415	0.064222128744539	0.06765993294710508	0.04049730688926722	0.02092310527410413	0.03969405302151918	-0.008393439734341214	-0.023234451971151523	0.0026518224454241566	0.014789707672397616	0.02618739959338866	-0.023677196030549706	-0.0010560638801192532	0.026114565957935196	-0.008584482439497764	-0.0175977730251677	-0.04533000322839016	-0.032535947169117056	-0.01878724236007167	-0.038133897774370255	-0.01918853628384033	-0.019517695219987332	-0.059115983910805955	-0.02605368887308666	-0.04210058905211778	-0.05984027596244129	-0.004489817275741204	-0.12873703571186082	-0.14635914331347083	-0.11373337028011281	-0.07671629944767064	-0.05369865458437709	-0.15135224088022312	-0.09730479547053823	-0.12918280058259768	-0.08081199308522415	-0.04730791609494718	-0.13605849225945388	-0.08791064234407886	-0.11588012555775272	-0.1389990058090831	-0.08993616875810403	-0.13284355705125123	-0.12822465813854164	-0.11526604236627466	-0.14115373412676488	-0.11779403520589603	-0.09848898287952369	-0.11924674508654662	-0.11947626454860304	-0.1451749551050543	-0.04388533887070656	-0.13367705959609943	-0.12905226337085618	-0.07736559927418929	-0.1164936687366102	-0.10950208625583206	-0.08830352542436705	-0.09063714976823074	-0.12492622852448361	-0.13456187810663503	-0.12921314422171443	-0.12927608637038968	-0.11448457649641249	-0.11578994050671942	-0.06763699542465414	-0.15898045414454742	-0.09735095636009121	-0.10922800068895902	-0.09599933272498015	-0.18795351284774756	-0.13977022179801407	-0.08574869782588315	-0.13065816205750017	-0.1191061070003154	-0.1476547922396117
0.17976208016946219	0.17489486538869176	0.19037407354311614	0.18230472836751185	0.19305553713626103	0.17839780942853778	0.13043932631868477	0.17677723579897323	0.2018138412539858	0.22819393821609693	0.16768162275824028	0.9515674829497064	0.12229886259883645	0.18941197506132618	0.14634269427113428	0.2161865520596801	0.20289693831531294	0.17614644436871804	0.21594762339540616	0.031252457231447546	0.05215381790695653	0.12243087628547841	0.06091246489294798	0.015431982829893031	0.02074803760842796	0.049230849031807834	0.04856525483624544	0.048927567216722395	0.07968112818837066	0.0617501350797658	0.08502411506941016	0.13605880462721714	0.14311661451383167	0.07853603587021635	0.03648107350942393	0.009286668482904308	0.07751346394796281	0.021903846879009484	0.05521672222921657	0.11498572249584094	0.06199871469850604	0.07582507864964108	0.09236118178270923	0.05093289050178975	0.05056580566318352	0.041745275336818405	0.0800176422990168	0.07388843679444418	0.07587384020567371	0.021770427093973612	0.0471475715352307	0.005070329818483633	-0.009835156655197512	-0.03577741531814394	0.05064251767816255	0.04321673575213795	-0.02062637516917153	-0.0020841718837881257	-0.003772147745488149	-0.009107712095011072	0.009040718673533276	-0.04470651084763659	0.002637827866873713	-0.01063183413284461	-0.0323305920440513	0.021584260004936004	-0.01123940498833735	-0.008049552636781995	0.006599475929229285	-0.03995135422124799	-0.026646852865882815	-0.023412490905585125	-0.12513034734268397	-0.12424613946096283	-0.1452332728708301	-0.11929820233766153	-0.0637225168006685	-0.12361253519779952	-0.12068012599771118	-0.11388887426905088	-0.15438141746762055	-0.1276502462416153	-0.11046925478907693	-0.13065205890006407	-0.11654397478178491	-0.09680282656881359	-0.10445981894044115	-0.13027413448859526	-0.12218951963604889	-0.12793834858698952	-0.13474625378527147	-0.14888064983528074	-0.14360055672665809	-0.12638794772631942	-0.13890574046478305	-0.10145100627927713	-0.15060488264558322	-0.14195767335950354	-0.14736767638755952	-0.10315474876448794	-0.10869776395919792	-0.124533418423753	-0.11376498133427443	-0.11546283852822711	-0.1629899749024939	-0.0913665668766935	-0.0973796242706495	-0.17361636047357631	-0.101214675986367	-0.10595828785098832	-0.13989549518409472	-0.10197987513081451	-0.15142939712861284	-0.10436136032149322	-0.13790298616827107	-0.15192957389977163	-0.12194137012728008	-0.12143864922244828	-0.14162711360057242	-0.14909330305451485	-0.1374739495350179
0.16227669932028746	0.20449426916012378	0.17344369870806273	0.21021817657245687	0.17938951302756645	0.20086240646815834	0.1761181024504282	0.16405334214009493	0.20937583333379925	0.18560572481362642	0.15475810735629444	0.12229886259883645	0.9442967664635099	0.2164897222562677	0.31391112556098566	0.14343190133673922	0.14599109667908533	0.2106281404424403	0.18931339208191064	-0.01753025051768499	0.010728311961939683	0.09796260555674215	0.05047293438298412	0.01397564838337277	0.032776925062872685	0.07815991648300812	0.0472864158610304	0.03810910288651255	0.05295124206584376	0.020132870020849604	0.04164593159320117	0.09869194960683964	0.07403074087164385	0.10071535608889054	0.020456341179373092	0.042408540875907216	0.037776090921222874	-0.033408567548096055	0.032723938691687646	0.09142745837880918	0.04023134825962934	0.050981093880502364	0.06254674842294433	0.04050370793336816	0.018687509235934856	0.06609305519344504	0.06510802356890202	0.08384566399671767	-0.01277818564997631	0.017750851338908497	0.0032827927624468336	-0.0001773889541530365	-0.014080391420400854	-0.019201347050802314	-0.0020292054671985442	-0.03296161390736401	-0.04227659902701889	-0.023652930244301904	0.02443723236429411	-0.03932733037269764	-0.06568143579262686	-0.02593391390090677	-0.05028300945224326	-0.06238802971975164	-0.04601272531380774	0.011896103194566332	-0.04868466537762347	-0.06183563794901505	-0.009324713263733008	-0.018911113342700844	-0.037913712378396414	-0.0258662505039108	-0.10693796690387668	-0.10758858867254203	-0.06110162828843715	-0.11182997628540751	-0.08734457321147054	-0.12132647425716	-0.10713676910850198	-0.12551412408694704	-0.09923938649710748	-0.07224700960747361	-0.1521194424742734	-0.07576277065658726	-0.08589370361903934	-0.1166455709817587	-0.09862151201678092	-0.12971592811611346	-0.1261330119747251	-0.09776579424597591	-0.11697210542334788	-0.12054718710979036	-0.07826805256756626	-0.08776115331116169	-0.12461238983692974	-0.1286514413610059	-0.0919680873842101	-0.11319254262519325	-0.15228430721190006	-0.07578711174958062	-0.09901618262283403	-0.09094583989091508	-0.07360774844404297	-0.06246410439119282	-0.11621530606518193	-0.07753459896601353	-0.12127951003142527	-0.08317742413336268	-0.09458177651141549	-0.0849524162334667	-0.11595751245418356	-0.0809934376004157	-0.08602683922517572	-0.12708930282442996	-0.08487612283788412	-0.11876000487259994	-0.11681048007697192	-0.10971393231524854	-0.13034564124537779	-0.13104239831807182	-0.11889618205420142
0.20602372672171368	0.21027238704974988	0.18450082540656104	0.2220741879520353	0.19819817528454545	0.19409666506691514	0.19263858473853393	0.15984395534394058	0.16370909686815877	0.23421017112201892	0.21541656323443797	0.18941197506132618	0.2164897222562677	1.0436866175799886	0.20538801304858056	0.19899808036412123	0.2298723770644261	0.20525800286778803	0.2033985299020856	0.06063506285341034	0.0902652322613844	0.07038023481125494	0.07594862573644719	0.011194626911800978	0.007828482966081397	0.1181328833694043	0.041153677761668915	0.028671675366603165	0.08253642092430505	0.032541203355113776	0.09589515504480692	0.12156721686644767	0.08423098459959999	0.07929754488263842	0.037929931406181776	0.05341971540472756	0.11942610158700048	0.06844410670483314	0.07885746059642108	0.11297288288701988	0.066692486846693	0.08647472424525801	0.08899765228756545	0.022381387326331284	0.07508075354411918	0.06209512493254042	0.056888028031488055	0.1335170249146953	0.07511335926671209	-0.002056372307556986	0.028034522924905672	-0.03607191258057223	-0.04772959093905761	-0.004462843221697744	-0.0069446873975535315	0.014505619780392463	-0.03196991772733129	-0.03336587471122835	-0.01882904839368379	-0.02321828866760834	0.01446615823137883	-0.006146531652760184	-0.01262112083336738	-0.025143727459004103	-0.039882916473409157	-0.029497849812566545	-0.026949212762210285	0.007941658779787166	-0.003052085406203822	-0.02248274843478351	-0.02777310598519544	-0.019069674279573342	-0.14687159941077993	-0.15083841326596598	-0.13389217989289842	-0.12452325507839473	-0.09567274759492597	-0.1376136223919017	-0.15311159813053365	-0.16474896735911496	-0.12293579697437945	-0.12544881904362923	-0.16045094115911218	-0.13667166443191922	-0.09952096371176077	-0.13827948312475957	-0.115348715711344	-0.15459324370586938	-0.12678662607843866	-0.14623219791070002	-0.11532255442387991	-0.14085226121196787	-0.09145676658663293	-0.06443571155811074	-0.1406874202761639	-0.14851478551222774	-0.11689090056089999	-0.14146877491487353	-0.1819987203961654	-0.11123665728829438	-0.156266856705883	-0.0998231902807096	-0.1287818700591533	-0.09856345607906322	-0.12455832663185044	-0.14326705352741012	-0.15323483519175807	-0.10908511463690436	-0.1071638703483855	-0.1442369278335738	-0.11803464080343014	-0.15383905230052955	-0.17959199666105946	-0.12332970229348547	-0.12887901852278244	-0.18963802900774476	-0.14543814320450846	-0.11980290524401074	-0.10190711342980939	-0.15013983177450785	-0.12981305629724185
0.1833531407575386	0.17518479843952453	0.21226838318190736	0.21025942631726194	0.2328005777744104	0.1995322850613254	0.22360525723795738	0.16146348728757356	0.17189122598290826	0.20404768186195502	0.2029123703685628	0.14634269427113428	0.31391112556098566	0.20538801304858056	0.9341189307882182	0.15119684763461583	0.1981922182276057	0.22372281437259478	0.17451872848009492	0.03592863587236089	0.04370473003597482	0.07136475249221588	0.06989566986156256	-0.02891273963274514	0.08079011491496038	0.055348014327309465	0.038636955773032396	0.02929508774861248	0.06798093246694531	0.021935852930057873	0.038289800751804964	0.09476915018338107	0.0481366467690081	0.046275363005491926	0.02882719945549802	0.07381169674812378	0.06635060094328256	0.04112816828237827	0.0353237595606165	0.1019187890606882	0.04819983801048075	0.062210041908366494	0.06764156421273358	0.06533785623164282	0.021980044581964762	0.04775662570739355	-0.00034734904377361456	0.10062643952699767	0.046805638181265936	0.018349228371217878	0.028699425159831208	-0.020052124168293075	-0.009949168891664067	0.00889646045840942	-0.002986117109603549	-0.010798353005775604	0.0025151028712815725	-0.02678416729059332	0.015011377127404723	-0.03786116705901385	-0.04457099208651214	-0.04438593629905301	-0.030720130435307642	-0.02827665044141636	-0.026950882890879727	-0.005760236907255589	-0.08070256335231848	-0.059322959519574774	-0.02641126161676429	-0.047928589702200854	-0.018188116260133166	-0.04742640102817981	-0.08376127118623085	-0.1259482328084841	-0.10626386244380824	-0.09766797682723004	-0.11290863377277739	-0.1181381170384718	-0.08717755909183654	-0.14129496456711974	-0.09430658269558258	-0.06489766662960636	-0.12525857872563384	-0.12019532711158269	-0.04108786572124547	-0.11235039413800962	-0.0825533718899744	-0.1296546598283723	-0.08517744100803193	-0.13438226202246134	-0.10547687322775183	-0.17394062963111706	-0.07179618196664757	-0.10033668373215288	-0.10792493236143438	-0.14918216168494344	-0.07229824156084264	-0.12221310458366269	-0.12818810367369765	-0.10135693096405513	-0.14319622567746207	-0.12308757487430615	-0.09307960434236047	-0.11888384312919807	-0.0804554726676264	-0.13116551586167213	-0.10973936408916408	-0.16494554580800247	-0.13885109661607067	-0.1422082835832227	-0.10188116069884598	-0.1277752112960179	-0.11658098252852886	-0.10488015317260972	-0.09631350389295955	-0.16836089561299292	-0.12876331350867495	-0.08555162166257785	-0.12857690359280116	-0.15352970698561091	-0.12129562545021748
0.20103150223399738	0.16874096389013016	0.18847155931700696	0.18729373564987384	0.23262627651924628	0.16590024732610212	0.18033481510551927	0.16640048539058663	0.212814566829709	0.18043957823980591	0.2004771796703532	0.2161865520596801	0.14343190133673922	0.19899808036412123	0.15119684763461583	1.0333837384276616	0.17261662698708313	0.21266800803442648	0.19839340460621901	0.06791358532696426	0.05415287852419398	0.10566762381924791	0.05115207110931709	-0.013400838636828071	0.048344843972172716	0.0510448181813692	0.004240886262609388	0.028520452101374192	0.023259379031570868	0.003967583211607598	0.04127554434906524	0.11693007959996281	0.13735206634519906	0.10295430932636904	0.09934931831012192	0.019983334184226806	0.04855019738682347	0.03230915014454909	0.039799275158331184	0.04220505803510271	0.036411403705283965	0.09324622129136195	0.09867842981158037	0.03093381833447301	0.04071235745317707	0.01764659805222542	0.019336143307330602	0.08301951754373232	0.036889720424937496	-0.004274651269683597	-0.012693144653024704	-0.026906296430385848	-0.03505466330116519	-0.04343005118211777	0.011952205553276486	0.03151483086348868	-0.028070664591328502	-0.01950332394923119	0.01628127482256905	0.004750943710521403	-0.02951203927407725	-0.01905589048984723	-0.006697612013117128	0.026811445102926847	-0.03451005303427212	-0.003989744451456272	-0.026266923282762734	-0.018698909130064324	-0.04565868940136402	-0.02677641353934962	-0.009991955651969822	-0.02207941545018332	-0.13438306856332602	-0.1195738839320709	-0.11698785196724017	-0.11808409443588476	-0.13964054577281326	-0.15173955102104358	-0.09487017704075584	-0.0947967106390415	-0.038282345104410254	-0.09413882388239181	-0.13870390675656566	-0.09581572615514816	-0.07187525368173349	-0.12065499721257253	-0.07113187988898402	-0.1150179367389223	-0.13455400303328718	-0.09176567541165552	-0.1579006455488234	-0.1351211871223847	-0.11665810532003332	-0.10119249985050124	-0.08075314813294472	-0.07701873595055254	-0.08308795551377088	-0.12280352181359276	-0.14753736484125868	-0.11119283382665035	-0.09963958492781237	-0.13403363968041615	-0.07392012571287623	-0.13789112089869168	-0.11455445529353157	-0.12435505789182694	-0.12728596249568822	-0.12931019461396068	-0.16407771511375818	-0.13002158730459254	-0.10276247034486086	-0.13458374789876304	-0.10218696060109936	-0.10244955327002495	-0.1473262776772908	-0.17957894636372565	-0.1266332456753058	-0.11707931213301642	-0.11716167915533707	-0.11889832830785095	-0.14159293268729375
